# 协方差矩阵（对角线方差=9-100）
# 基于分组相关性矩阵生成
52.800000 50.799686 20.364750 35.583156 22.023523 35.138339 36.923356 30.683673 33.942009 40.673162 43.983690 53.295432 39.617339 27.497328 24.386654 49.912066 2.297450 1.078815 3.314373 3.437996 1.941981 5.016583 1.359689 4.480620 3.055024 0.990355 4.978410 3.348472 3.061520 3.832587 1.744733 4.543314 3.653618 4.198143 0.980324 0.603201 0.548286 3.485019 5.459108 3.320819 5.560963 3.277767 2.802070 6.207808 3.318789 3.974628 5.699315 6.713715 6.544005 2.279061 0.850873 2.026644 2.328647 4.183246 1.693302 1.630666 4.308615 4.490630 5.589336 3.972549 2.282186 1.556010 1.028253 4.190941 0.129575 1.637085 2.122113 5.551391 3.314675 4.228452 6.951212 6.195443 4.603725 4.301426 5.634567 9.657566 3.897151 4.863460 3.983435 1.974893 0.480402 1.458028 -0.195569 4.486291 2.373662 2.598699 3.559915 1.756465 5.346541 4.592666 2.069213 3.200041 2.541744 3.112546 5.647120 4.884296 0.753532 2.836552 3.426064 3.242421 5.247828 1.715757 3.424456 1.162399 2.721657 3.598973 4.520932 2.671625 2.733394 5.435275 3.461080 4.604324 2.086827 1.435004 2.798693 2.064409 8.371689 9.498710 7.920769 3.731754 9.923177 5.606625 12.316971 5.695905 7.599477 10.153102 7.220455 6.388026
50.799686 73.200000 26.326039 47.430651 26.787356 40.575590 43.303176 35.301807 39.521013 54.724262 50.549067 64.489295 48.652170 37.146866 27.837913 58.166574 4.572998 1.295855 0.490272 2.122361 4.466821 3.239494 3.564571 1.022172 0.306122 1.612316 3.388639 4.250410 2.181159 1.676867 2.246742 2.407335 0.854863 3.027652 0.681442 0.285077 1.242516 3.078319 2.215608 11.056805 8.791718 9.829315 2.891603 8.203973 6.257276 6.027633 5.592003 6.896141 6.307074 1.938495 4.878704 0.287950 5.396133 3.983073 1.635467 1.307140 4.068341 2.315199 3.231542 4.508806 3.894578 0.595617 3.336552 -0.020244 1.829278 3.172298 0.681843 4.465802 6.319118 0.641632 8.292381 8.529643 7.166848 6.333750 4.058067 12.848035 3.543659 5.795843 3.947786 4.544520 0.567028 2.522590 5.680640 8.182079 6.266885 0.832097 3.725033 4.229306 3.775180 6.438857 8.732139 3.185403 7.603986 2.049008 7.728600 4.680155 1.958195 1.161641 1.733673 2.510369 6.530805 1.983182 1.591659 1.851900 3.586478 3.882254 4.251044 4.500256 2.601811 4.002967 0.563320 4.909738 3.669026 2.100946 3.128957 1.490827 14.263425 8.423472 11.917918 2.711702 14.861737 7.198569 11.034708 8.920757 9.553014 13.733764 11.365071 6.783087
20.364750 26.326039 14.420000 20.633502 11.248065 16.937768 17.402029 15.850845 18.028202 21.752161 20.953385 29.246679 19.943680 15.910328 11.852265 25.617274 2.618635 1.119662 1.386625 1.250263 0.599587 3.213995 3.697178 1.419625 2.445274 1.444299 3.698710 2.954801 3.274683 1.112490 4.304260 2.588496 3.035159 2.800139 0.863668 1.704037 3.390986 1.611111 1.388334 1.376662 3.878889 2.889256 1.111957 4.297361 1.455196 1.379846 2.931433 2.221903 3.134214 0.693523 0.699793 0.375425 1.158617 1.083374 1.579870 0.019097 1.392009 1.404963 0.769377 0.642999 1.084589 1.245337 0.792864 0.759537 1.282272 1.400996 2.068535 0.657259 2.246559 0.352973 3.831887 5.360964 3.130056 2.327416 2.279685 4.142460 2.137863 2.531426 1.963434 1.632470 1.760776 0.711953 -0.020164 3.107640 1.667217 0.270426 0.595035 0.927930 1.193286 1.263838 1.322763 0.291946 0.827638 0.723403 1.601674 1.076190 1.258042 1.411714 2.316289 0.806655 1.185980 1.947486 0.666842 0.784237 1.114417 2.257702 2.486888 2.459699 1.245516 2.074175 1.865901 1.299685 1.767595 1.300712 2.217177 1.159179 6.288083 5.795362 5.366417 1.955253 5.900631 3.299740 5.123674 3.450257 4.132143 5.387685 3.676010 4.157770
35.583156 47.430651 20.633502 50.980000 22.585820 36.290928 35.365971 25.963923 31.289579 42.552965 41.174570 52.123507 38.356518 28.455767 26.224539 44.590724 4.148064 3.286694 1.498674 4.576546 2.958868 4.374452 5.567411 4.408625 3.533944 1.545641 3.091944 5.806044 4.370074 0.734433 2.386262 0.878187 5.814641 6.076206 1.876593 1.957085 5.717021 2.165333 4.353727 5.184391 7.593550 8.017030 3.567166 6.978541 3.274779 5.337741 4.374937 5.169723 3.407283 4.327566 5.442735 4.477288 0.684494 0.145564 1.978060 2.961603 1.549208 1.329284 0.676528 3.788699 4.245168 1.815207 1.467078 0.625711 1.397517 0.110664 4.791633 1.913388 3.273828 -0.109846 10.494188 11.344416 6.460431 10.601296 4.609293 9.974260 4.733076 4.621938 7.289969 3.707114 2.030897 0.104839 1.970149 2.595990 0.900908 0.670743 2.827548 0.765975 2.517034 6.997016 6.287739 2.442868 1.695192 2.289991 3.830550 2.701493 3.442558 1.396343 3.360467 4.800604 5.594552 3.997462 2.468363 2.760468 1.929756 0.674589 3.538261 5.250126 0.680844 6.770574 2.756080 3.944344 3.251757 1.909511 4.464630 2.021186 5.289334 6.667515 8.304731 2.904874 10.862341 5.033790 11.845876 4.913447 6.492319 8.509694 5.492000 5.994145
22.023523 26.787356 11.248065 22.585820 15.950000 19.234412 21.377177 16.294987 19.493640 24.288892 22.543044 30.609808 22.217778 16.504261 13.809394 26.908724 1.572489 3.814005 0.737251 1.486360 1.811622 0.830092 4.960597 1.688460 2.329089 0.785465 0.581634 2.543683 1.839574 1.169814 0.428645 2.840437 3.103194 3.975520 0.960932 1.891812 0.484727 1.560487 1.286384 2.533362 2.738825 4.068143 1.676365 3.228047 1.598282 1.891551 3.655921 2.709616 2.121419 0.904584 2.203005 0.639249 0.543109 1.582677 0.302873 0.488006 1.632752 0.548861 0.351273 0.830738 2.420158 0.906092 0.368711 0.488508 0.475989 1.032665 0.288256 2.567476 3.038581 1.973204 5.026719 6.758528 3.583695 4.053325 2.976958 4.932663 3.188168 2.467550 2.481900 -0.175369 0.713605 -0.052955 0.983937 1.426768 0.982971 0.280885 0.193667 2.200071 2.751469 1.416852 2.336181 3.136777 2.543207 1.654355 0.936412 0.947180 2.289107 2.049737 2.114895 1.429680 2.148867 1.959981 1.354843 1.738261 0.263377 1.928848 2.069522 1.818979 0.287147 2.388922 1.974521 4.557249 2.827488 0.886628 1.517584 1.558869 6.233711 6.768186 4.515169 1.769505 5.805840 3.222570 5.292139 4.289249 3.902965 3.725750 3.040034 1.304636
35.138339 40.575590 16.937768 36.290928 19.234412 39.720000 31.631147 25.559807 31.864134 37.013457 38.069543 43.309924 35.183745 24.642835 20.185718 41.712603 0.956065 2.514265 -0.256789 0.645608 3.391866 4.311914 3.594374 2.255301 1.499835 2.139451 3.721973 3.348842 4.335119 1.297835 0.739135 2.720633 2.604472 3.261533 1.383996 1.416001 5.728787 2.073395 8.681216 5.501405 6.020791 5.627516 2.779153 7.507242 2.887472 4.584242 4.133503 3.328532 6.575835 2.091677 1.127297 1.769019 2.578102 1.606004 1.988945 1.720745 3.162926 2.298706 3.651765 2.821411 2.353023 0.726403 0.890865 3.362996 0.206874 0.424367 0.281445 1.173131 3.890688 0.757262 5.567271 6.430019 3.892017 3.396542 2.152411 7.903916 3.182369 1.932845 3.964594 1.675003 0.279456 1.533754 3.275851 2.959937 2.725053 0.634174 0.257673 -0.092727 2.069282 1.750228 3.642295 1.350609 3.353351 2.361816 1.962517 2.554962 1.942813 2.578877 5.701395 2.151533 3.986315 3.281117 1.995503 1.550369 1.800820 2.054844 1.550999 4.899558 2.020126 4.036771 2.089792 5.791032 4.174346 1.842684 5.015115 0.652625 7.104730 9.554105 8.698696 3.225872 7.955889 5.088825 6.925203 4.568078 6.266354 9.131246 6.684852 6.832751
36.923356 43.303176 17.402029 35.365971 21.377177 31.631147 44.850000 28.176466 31.939184 40.948328 38.068937 51.586170 38.403908 28.226993 21.403100 41.610701 1.389055 2.510469 -0.271814 1.713950 0.400412 2.805634 5.540383 4.331866 6.986448 2.466005 4.035601 4.926532 1.769945 1.549816 4.493942 4.973244 2.528987 5.019088 1.401717 2.311997 2.751536 1.915561 5.180120 4.131485 6.756543 6.356731 1.971932 4.694992 1.893248 2.586965 6.449047 3.758803 5.302101 2.468803 4.248991 4.444872 2.755898 2.758546 1.183996 3.035566 0.042413 0.989193 1.547237 2.313004 4.434627 0.359833 1.043178 1.500977 1.839090 0.445914 6.153633 0.488386 3.163305 0.327567 4.907469 6.062171 4.735858 6.049120 5.616620 10.202160 2.860258 3.777975 3.682452 0.227548 -0.243036 0.807499 4.279834 2.160552 1.165239 0.612925 2.830934 0.889839 1.809305 4.101050 6.913064 2.777189 4.739307 2.879948 4.314750 4.244349 3.649601 2.757248 5.744271 2.585603 3.237172 3.159976 2.362330 2.625716 1.916803 5.747271 3.358306 6.135286 2.009625 5.237377 4.078326 5.146289 4.070240 1.392810 3.140300 1.434050 11.128882 10.903734 6.066869 3.878839 9.459541 3.753642 6.890183 7.823668 10.251893 8.909081 6.233525 5.087242
30.683673 35.301807 15.850845 25.963923 16.294987 25.559807 28.176466 27.470000 25.206058 33.919084 29.901486 40.979929 30.038809 21.977550 18.002464 37.325357 1.550747 0.518729 1.148026 2.707540 2.043498 0.303305 3.638470 2.473326 4.725731 3.507782 2.655485 2.234771 0.958674 2.151492 3.943170 4.293518 0.415825 2.932613 1.365340 2.026362 2.925130 1.645421 2.589746 3.043048 6.015777 5.596040 1.464225 4.777619 1.259279 3.778110 5.004413 3.175929 5.413986 0.124514 3.342086 1.552579 1.755501 1.350045 2.809834 2.665150 3.288999 2.584950 4.586438 0.784102 2.528939 0.116464 1.240559 1.092061 0.516535 1.513572 -0.055026 0.734772 2.498105 2.079953 3.966063 7.417709 5.136244 3.227660 3.888401 10.025593 3.664271 2.162204 2.701897 0.852862 0.363112 0.368816 0.607047 -0.138600 3.211876 0.734285 1.186141 1.385614 2.751624 3.795342 6.318945 1.772229 4.481843 3.385456 2.371722 4.077655 1.537145 2.710950 4.742345 0.335377 2.288340 2.903151 0.555990 1.005370 2.123527 4.723942 1.966704 3.481891 1.721246 2.374642 2.245283 4.140297 0.902331 1.030542 2.985829 1.515402 4.757166 9.047135 3.796872 2.692531 9.675370 4.115116 7.961438 4.678706 5.704371 5.369848 5.122152 3.227780
33.942009 39.521013 18.028202 31.289579 19.493640 31.864134 31.939184 25.206058 40.310000 37.014142 38.207105 49.557932 34.569385 26.730007 21.576346 40.748169 4.204932 2.892900 0.817690 -0.083336 3.708382 4.609463 6.645759 1.347965 3.212809 1.960111 5.840502 3.664854 5.121849 1.972193 4.435341 4.308775 3.100791 3.686994 1.028407 1.863411 0.983323 1.362355 3.174344 5.531043 1.743198 5.021627 1.279306 7.007471 2.426898 3.004293 3.107466 1.042350 4.666112 0.380615 -1.067229 1.442279 2.685072 2.382841 0.281610 2.157710 0.388231 0.440117 0.468304 0.245661 4.241680 0.197000 1.391896 3.031097 0.358628 0.447079 3.717177 3.092651 5.138599 3.923355 6.311556 7.718355 4.795510 5.798257 4.931140 8.711468 4.132154 3.427225 6.199178 3.286280 1.204999 1.131091 1.132343 2.764895 2.496384 1.554950 0.721892 0.986853 2.255667 4.438023 3.532753 0.565038 1.885921 0.497106 3.685166 3.030144 2.755790 2.136390 5.417407 1.942221 4.320835 3.148556 2.195775 2.148837 1.863558 7.362763 3.184567 4.316660 1.031031 4.105988 2.303517 6.672677 1.357378 2.270091 2.206314 2.292938 8.316070 11.016823 4.977120 3.699763 8.114679 4.135591 6.750940 5.519562 5.845250 9.102288 4.146072 3.532195
40.673162 54.724262 21.752161 42.552965 24.288892 37.013457 40.948328 33.919084 37.014142 60.870000 44.614670 52.473645 41.402553 34.554450 26.318927 48.789385 2.183022 4.476281 0.236603 2.372343 2.189572 5.125804 5.792435 2.579899 6.097641 5.296665 5.124861 5.330528 3.951107 2.168013 4.140280 4.035265 5.579621 7.651503 2.725852 3.526781 5.586710 4.181187 0.664143 7.476387 8.279545 8.528365 3.035421 7.423086 4.261933 3.683847 7.747143 4.329344 8.080691 2.287842 0.565468 3.967084 0.469276 2.726986 0.519729 2.473375 3.420036 1.878779 6.773208 4.285333 3.747927 0.306582 2.285428 2.199670 0.984117 1.805395 1.115365 2.332207 4.623778 2.066458 7.950192 10.247732 3.749917 7.688275 5.465054 13.352587 4.459896 5.639079 6.695559 4.258249 0.630211 2.869563 5.145774 1.099400 2.308335 2.907580 3.603063 1.308612 0.929100 2.905574 5.415611 5.220516 8.003010 3.428179 2.497730 4.847566 3.979261 4.227221 6.788730 2.035035 3.011838 3.638338 1.725098 2.870335 2.979935 7.784225 4.541491 7.232998 2.256115 3.398456 3.124426 7.225495 3.819907 2.266012 5.409971 3.801875 8.237732 8.124382 6.778918 4.937747 11.240860 6.172435 10.002869 5.938732 7.497926 11.441916 6.233509 4.254845
43.983690 50.549067 20.953385 41.174570 22.543044 38.069543 38.068937 29.901486 38.207105 44.614670 60.280000 53.589065 46.229960 34.073420 25.479621 53.316088 0.903510 4.060772 0.829707 1.260826 3.062077 7.197055 2.358952 5.269366 8.394590 2.820174 5.416687 0.903873 3.717536 1.402442 2.609093 2.330243 3.911893 5.562001 2.752411 2.350543 3.564456 3.161902 2.758898 6.963861 5.082562 4.435275 0.857252 8.064860 3.287746 5.344990 4.341226 1.436309 2.764553 0.879236 3.447245 2.853789 5.094485 1.343240 0.023113 3.655019 4.336465 2.741758 3.193870 0.821306 2.156539 2.269624 0.913430 2.643723 1.793468 1.456722 5.101530 1.528486 5.512850 4.014310 7.973460 5.769806 7.025382 7.408813 6.725269 14.010425 3.603229 3.959746 6.386620 0.524485 1.547344 1.804790 1.374975 3.568762 2.207232 4.219759 3.565263 0.741012 1.861845 4.842656 3.108529 4.476579 2.485196 0.308353 2.345701 5.331827 1.876376 1.297517 4.426882 3.710237 3.403608 2.556069 1.852773 1.425215 1.726269 1.182957 3.133014 7.102369 2.695066 4.467225 2.619438 5.443920 2.424235 1.459935 2.560662 2.368785 9.765882 12.397448 11.005707 4.473835 12.693556 5.790010 9.855173 7.392592 7.911887 11.103547 7.809375 7.168550
53.295432 64.489295 29.246679 52.123507 30.609808 43.309924 51.586170 40.979929 49.557932 52.473645 53.589065 92.570000 54.382434 43.514955 34.708047 63.983164 1.592038 0.728771 1.864348 1.128761 2.658081 5.328899 6.487146 4.912832 4.414495 0.309226 1.952345 6.527053 5.786490 2.286226 7.414287 6.701735 5.655355 6.314215 3.089975 2.978507 10.033485 3.496795 4.386976 5.009035 9.945815 6.219965 2.670986 12.119257 4.959957 5.356199 9.372722 6.749565 7.776402 2.108025 3.603401 1.775804 0.304639 3.334951 3.878628 1.700306 2.242152 1.084311 4.759148 5.839017 4.715756 2.582671 3.411203 2.597926 2.299535 4.338055 4.582246 5.039530 10.715094 5.380481 7.999594 9.190640 5.566939 6.025180 8.668615 15.279576 5.029230 5.581978 4.178156 1.190995 3.873727 4.921356 5.293240 6.547247 3.299592 2.149762 3.220979 3.139907 6.185929 4.787594 8.728405 3.624343 0.759592 2.827627 3.790921 5.521685 6.263184 2.422854 5.303856 2.240479 6.058042 2.795104 1.649473 3.276869 3.502944 7.945245 3.406758 6.279082 1.762584 3.483036 4.356029 7.800473 3.713148 3.118614 6.606573 3.420750 12.224407 13.970180 7.377955 4.207864 14.840055 3.939217 9.520189 6.304181 8.575217 8.595861 10.571294 7.783601
39.617339 48.652170 19.943680 38.356518 22.217778 35.183745 38.403908 30.038809 34.569385 41.402553 46.229960 54.382434 49.520000 29.696422 24.191564 43.323178 0.647440 1.994652 -0.197683 2.726550 3.144278 6.422664 4.582313 5.105688 6.195681 2.257292 7.790755 3.897497 0.687905 2.896227 3.200784 3.564606 3.508786 5.211586 1.848898 2.360297 1.729971 2.086137 3.195181 6.804280 7.020325 6.573295 3.452061 12.224684 2.282540 3.025930 9.030020 2.547426 3.922916 0.817398 2.092955 2.150827 4.493742 0.353160 2.002696 4.934083 1.483115 1.776625 0.271450 1.258041 1.908765 1.755009 0.889902 1.995247 1.036049 1.399358 2.709052 1.705508 6.850312 -0.354911 7.904741 10.435704 4.573724 6.265364 6.589952 12.955666 4.896667 3.591282 6.945611 1.204396 1.520196 0.572974 1.239207 5.324160 3.972252 1.481974 1.725858 1.372247 3.423073 1.969897 7.452101 2.525978 0.754053 2.267486 4.715459 3.695030 2.002954 1.316436 3.665714 1.507751 5.103461 3.182385 1.556137 2.612487 1.878053 5.198903 1.757850 7.705308 2.166059 5.461134 2.620806 2.368268 3.936834 2.174275 3.291028 2.413861 10.474456 12.227120 9.816589 3.886035 13.075915 4.419553 8.922965 5.648796 5.986396 3.684728 7.036516 5.048371
27.497328 37.146866 15.910328 28.455767 16.504261 24.642835 28.226993 21.977550 26.730007 34.554450 34.073420 43.514955 29.696422 31.760000 19.840880 37.381567 1.611154 2.421176 0.704459 0.379483 1.433557 3.082706 5.324379 2.942134 0.524037 1.470111 1.304433 4.007644 1.218404 1.579817 3.839249 0.218625 2.311499 3.457100 1.624802 2.656594 2.715029 2.603657 1.116359 4.941152 4.690200 7.990923 1.925162 0.632198 1.997100 2.636442 4.608739 1.472112 4.513605 1.550380 3.390949 5.265033 2.997723 3.359944 0.218886 1.184644 2.104335 1.514375 3.689145 2.623165 1.682925 1.273527 1.723321 2.562941 1.519836 2.329643 3.693530 0.593848 6.539617 3.089881 8.215702 2.162754 6.368762 3.721610 4.619135 9.628624 3.025168 2.554178 3.553860 0.549101 0.984147 1.047830 1.678880 1.522793 1.767997 0.611880 0.140666 0.754673 3.891827 5.443808 3.162931 2.055957 3.879898 2.284349 3.229914 2.152344 2.335655 1.732562 2.669034 1.873415 4.514884 3.090206 2.198266 1.545663 1.556836 3.376647 2.338787 5.169302 2.091871 3.922897 3.546907 3.957830 1.904811 0.584495 1.509265 1.753814 8.865355 7.466422 5.015592 3.129772 6.574968 5.605867 5.920801 4.234369 5.601320 7.246012 6.555110 4.920232
24.386654 27.837913 11.852265 26.224539 13.809394 20.185718 21.403100 18.002464 21.576346 26.318927 25.479621 34.708047 24.191564 19.840880 19.690000 28.733104 2.329240 1.487879 0.182998 1.610013 0.844254 0.969021 4.420231 1.288244 1.432704 2.642154 2.623436 2.171909 0.721378 1.386775 3.262996 0.153635 3.083605 2.505334 1.557033 1.420229 3.420871 1.647955 3.283196 4.146454 4.313816 5.758400 1.596481 4.424052 1.043017 2.556117 4.576837 3.684224 2.961823 0.859931 0.259632 1.501047 0.657863 0.772893 0.209734 1.585364 2.582005 0.561274 3.809820 2.457127 1.193775 1.136103 1.737084 0.833454 0.248081 -0.016280 3.085256 1.852403 2.333999 0.404321 4.458445 5.957320 5.178408 4.098076 3.536528 3.865012 1.975831 2.111243 3.645737 1.200898 1.067313 0.667707 1.157252 3.560611 0.207948 0.449004 1.166430 0.250458 2.636159 5.143012 2.196287 1.584883 0.132536 1.765186 0.874837 1.897239 1.577684 2.138300 2.164812 2.382660 2.304489 2.220203 0.966302 1.439108 1.158947 2.899267 2.595886 3.870922 1.448768 4.151269 1.910962 3.054446 1.645042 1.280735 2.227889 1.961045 7.398579 6.079039 5.104883 2.473112 8.226559 4.134153 7.187394 3.403726 4.998139 6.539032 3.440434 3.938038
49.912066 58.166574 25.617274 44.590724 26.908724 41.712603 41.610701 37.325357 40.748169 48.789385 53.316088 63.983164 43.323178 37.381567 28.733104 75.950000 3.913225 4.708874 2.887642 2.873035 1.098534 5.698988 7.485310 5.161057 7.394811 2.531803 2.584376 0.250456 5.901280 0.599870 3.651928 6.920635 4.119010 3.151863 1.844260 3.071771 5.819494 3.881731 5.602210 0.642185 7.264280 4.382595 3.213147 5.818917 2.321780 7.611230 6.557391 4.644933 3.138274 1.265474 0.502243 1.274007 1.832016 0.279137 1.621063 3.170940 5.980900 2.493241 10.002267 0.911250 5.304152 1.224645 1.359555 0.933591 0.275618 1.290482 2.721401 0.113896 3.580759 6.756005 11.099886 8.026800 10.946956 7.273856 3.554524 11.188157 4.780966 5.038279 5.831807 0.240641 1.625773 1.308081 1.288948 7.527617 0.689419 2.958720 0.387019 3.173604 3.913831 3.174315 4.942968 2.611718 3.517033 2.928160 3.834140 1.722623 2.932592 3.558879 5.924124 2.063738 6.814800 2.608437 1.622655 2.197434 4.210624 4.122929 2.480211 0.954234 2.832357 4.246179 3.110499 6.989705 2.045553 2.802805 4.361143 3.194723 13.077891 15.177663 9.662017 3.219487 9.373399 5.635278 9.452665 8.029784 7.996061 10.101057 9.198279 7.609633
2.297450 4.572998 2.618635 4.148064 1.572489 0.956065 1.389055 1.550747 4.204932 2.183022 0.903510 1.592038 0.647440 1.611154 2.329240 3.913225 37.890000 29.336354 21.057686 25.521128 30.089491 38.375953 6.386237 2.754343 0.289052 1.509906 3.636810 4.025430 0.062240 1.053745 0.419643 2.129239 -0.066642 0.635256 0.214450 -0.191628 0.481141 2.948215 5.584602 9.952708 10.336390 9.091346 2.918723 6.824359 4.649011 5.333843 6.361742 3.338156 4.630657 5.866584 5.748135 4.476635 8.002526 9.460568 4.787244 5.715702 5.345268 3.378016 10.543091 6.411873 6.826121 3.835423 3.856653 7.248459 3.394230 3.123970 8.054698 5.517122 8.407085 10.443190 0.564717 2.854077 2.708690 2.095427 0.905662 4.371665 1.356846 0.226497 3.830193 5.026829 3.906046 1.896081 5.812553 6.003436 3.178430 4.066224 4.385179 3.507710 4.016711 3.352757 4.177522 5.782752 3.532158 4.890815 7.072459 4.686011 3.375959 5.130157 5.594375 3.902021 6.540438 3.490227 1.700042 2.779800 2.649529 7.307877 3.963644 7.071474 3.285517 6.590156 4.007422 5.308689 6.556505 2.068447 3.530479 4.076526 5.840603 2.668050 4.461635 0.760641 0.708621 2.326245 3.457110 4.020323 3.447692 6.586828 1.893367 1.150526
1.078815 1.295855 1.119662 3.286694 3.814005 2.514265 2.510469 0.518729 2.892900 4.476281 4.060772 0.728771 1.994652 2.421176 1.487879 4.708874 29.336354 43.950000 21.105620 28.756173 33.652624 42.355021 1.489339 0.832708 1.352514 1.445270 1.085864 0.593292 2.370611 0.906156 3.128766 0.367723 5.290933 0.752994 0.198078 1.746885 -0.186598 2.482315 6.789361 9.153201 5.656538 11.416043 3.625161 8.359345 3.096160 5.220225 8.904267 6.302853 2.258111 5.185530 8.255570 7.444120 7.715215 6.614014 3.388624 4.978229 5.530351 3.896735 8.992845 6.646875 10.264285 6.462645 2.754627 3.407084 3.422363 4.443836 5.394259 5.752224 10.267267 10.207315 1.346360 7.226403 2.857337 4.895903 3.193810 5.643886 0.997317 0.994617 4.492210 4.965328 5.405862 3.851474 4.883403 9.055691 4.153151 3.785092 6.329716 4.279727 4.366382 5.980901 7.501140 7.686257 8.115085 4.251339 6.772861 5.836093 3.299598 5.712953 6.852343 3.143775 5.321782 5.599192 3.896079 4.024172 3.105077 7.479950 2.694313 8.601829 3.639006 7.942483 5.864502 9.511538 7.440988 2.376545 5.390487 4.936320 0.875912 3.246353 2.939319 0.190003 5.068349 3.123991 0.521328 1.294318 1.832617 2.064231 1.658714 1.879198
3.314373 0.490272 1.386625 1.498674 0.737251 -0.256789 -0.271814 1.148026 0.817690 0.236603 0.829707 1.864348 -0.197683 0.704459 0.182998 2.887642 21.057686 21.105620 21.450000 19.841054 21.710194 26.192855 1.388936 2.340576 -0.237803 2.918833 2.822455 0.139543 0.036090 0.639814 0.945129 1.288475 1.592116 2.363157 1.184826 0.458047 1.720382 2.253183 4.299996 4.585740 5.161662 6.843568 3.088002 6.895499 4.305667 3.368525 4.979204 2.850371 4.453710 3.809536 7.479744 4.537198 6.006273 5.083145 2.372948 3.334593 4.489193 4.520077 5.488381 3.327267 8.127370 3.433388 2.606546 3.965374 3.752950 4.215166 6.004424 4.469589 8.316004 7.697970 1.335966 2.862466 1.429229 3.027951 2.165888 0.905904 1.611828 1.239506 1.958308 5.037890 1.809264 3.994119 4.634849 4.577609 2.803904 4.291739 3.853816 1.937388 2.858855 2.966056 3.577309 2.674833 2.925351 1.980882 2.871290 2.849649 2.990219 3.247164 3.921885 2.708290 5.256091 3.144386 2.401331 2.588885 2.618634 4.637620 3.015672 3.198321 1.575229 4.832412 4.064363 5.025185 3.216652 1.317601 3.032125 2.810459 3.154836 2.077931 3.885269 1.213832 2.310608 3.066652 3.353370 0.648537 1.611060 3.862969 1.162986 1.501069
3.437996 2.122361 1.250263 4.576546 1.486360 0.645608 1.713950 2.707540 -0.083336 2.372343 1.260826 1.128761 2.726550 0.379483 1.610013 2.873035 25.521128 28.756173 19.841054 30.320000 28.247786 32.766336 1.724324 1.798687 1.676170 0.698772 0.634215 1.408491 0.052886 1.462138 1.728684 0.322771 1.064994 2.730716 0.076487 1.754265 0.207476 2.528501 5.250185 6.575104 6.349730 7.525671 3.335565 5.211966 3.813527 5.208082 4.948968 5.281074 5.522461 4.226023 7.404853 4.750738 10.446973 5.656548 3.927933 4.814349 6.671269 5.160294 7.631731 2.649480 8.939064 2.652544 2.746979 3.549903 2.715743 3.181600 5.843599 4.828910 10.679024 10.801204 1.297337 5.000594 2.792114 3.121447 0.914454 -0.044111 1.823011 2.185198 4.562464 6.893416 3.817350 3.425878 4.193421 6.352170 4.681455 3.734517 4.530557 2.770530 4.397559 5.342603 6.062841 3.029124 1.942263 4.487510 3.084782 6.920285 2.257234 3.998049 8.063102 4.302132 7.788668 4.407777 2.447126 3.695561 3.195920 4.335413 3.369030 6.458720 3.955309 5.790971 4.768205 3.967486 5.636202 0.671175 5.455085 3.225171 3.909490 2.343705 4.866367 1.350123 2.100910 1.677946 2.559863 2.545450 0.976729 1.864129 1.515682 1.772293
1.941981 4.466821 0.599587 2.958868 1.811622 3.391866 0.400412 2.043498 3.708382 2.189572 3.062077 2.658081 3.144278 1.433557 0.844254 1.098534 30.089491 33.652624 21.710194 28.247786 43.840000 38.097886 2.859437 0.949572 1.602677 1.220822 0.807463 1.992840 0.994568 1.395248 0.623701 -0.551868 0.380300 1.681023 1.141787 2.418611 0.366633 2.087148 7.285117 12.470955 11.856670 6.701711 3.334106 9.455002 4.606705 3.605092 4.390694 5.612342 4.816386 3.837997 10.115377 8.394534 9.556131 8.464979 3.422111 5.562817 5.511913 5.726452 10.634546 5.245589 8.909768 2.940436 2.105688 5.660581 2.585537 4.088430 7.889390 7.000843 7.149524 9.705526 0.667209 5.490677 2.700811 4.282788 2.480337 6.753597 0.697106 -0.051559 1.689828 4.889932 3.267814 5.036906 5.177682 10.110519 4.641348 5.273395 5.058643 3.634612 3.382558 5.372423 7.154858 5.243062 6.269785 3.044851 4.665272 5.133658 4.057417 3.799289 5.404095 3.230840 8.822642 6.720369 3.404175 3.173792 3.858521 7.524997 3.929320 8.106331 4.124615 8.698020 3.363261 8.276384 7.001542 2.593199 5.618630 4.561776 6.466712 3.765851 2.038147 1.925138 2.305156 3.721807 4.703841 1.948661 0.629278 3.844589 1.909842 1.847002
5.016583 3.239494 3.213995 4.374452 0.830092 4.311914 2.805634 0.303305 4.609463 5.125804 7.197055 5.328899 6.422664 3.082706 0.969021 5.698988 38.375953 42.355021 26.192855 32.766336 38.097886 70.300000 5.974733 0.786988 0.903947 2.338304 7.696583 1.396379 2.412697 1.110398 4.299811 0.400682 5.404687 0.501109 1.202158 1.806825 3.103216 4.568391 6.906308 10.372866 14.036796 10.413416 4.463992 10.569830 4.766558 8.219413 8.018446 4.054773 6.891726 6.448543 11.123897 9.401966 6.759548 6.671856 4.982898 6.475878 6.389232 8.630094 13.444988 9.993661 8.446720 6.051977 2.832857 7.096440 5.062949 5.993399 9.366857 9.253094 14.006233 10.641517 0.998504 6.302283 1.676274 7.648423 3.870629 4.439492 1.233014 2.683528 5.222126 6.822937 5.291929 5.698505 10.976827 8.917123 1.823510 7.590963 7.869100 4.318619 8.264413 4.134583 7.005096 2.778439 9.204321 5.210595 6.027499 7.322032 5.156315 4.264169 9.632254 3.036485 8.737495 5.527529 3.984268 4.755697 3.675526 8.249131 5.226026 8.749239 5.117654 8.529443 5.621318 7.439972 6.177020 3.609233 6.493250 5.823365 7.406752 3.132788 5.812045 2.239892 1.402249 0.750735 0.463097 0.922850 4.905430 2.167985 2.420711 2.870729
1.359689 3.564571 3.697178 5.567411 4.960597 3.594374 5.540383 3.638470 6.645759 5.792435 2.358952 6.487146 4.582313 5.324379 4.420231 7.485310 6.386237 1.489339 1.388936 1.724324 2.859437 5.974733 100.000000 42.005401 52.840235 32.851346 61.129796 61.042702 50.180588 30.817708 58.161745 51.564743 58.464353 48.534392 22.705236 33.412827 64.014316 4.548147 2.931789 1.117965 4.876742 6.938740 3.112779 0.388888 2.184567 1.811578 4.311022 3.760922 2.934074 2.304166 5.832936 2.878366 8.790957 4.069363 1.789602 3.272185 6.612187 4.180000 5.462676 4.708843 9.142361 0.347203 0.231710 4.550735 0.992239 4.988399 5.589620 5.174733 7.703400 4.854112 8.045840 14.251996 7.420129 8.002769 10.489671 16.437517 6.350464 5.792324 9.433486 7.369306 4.688462 3.999867 8.469839 7.661483 4.625134 6.455840 1.375797 6.811123 16.250054 18.024753 14.848337 12.830387 11.410618 8.320079 15.027911 8.325413 3.199306 1.352118 7.990133 4.507148 6.016399 4.332229 0.961199 4.378448 1.774643 2.895797 4.416009 6.860375 1.895584 7.074130 2.039225 10.041672 3.293979 3.954649 2.106526 2.840629 6.668429 1.587580 6.850630 2.960451 -0.013482 0.825913 3.896365 1.988071 2.839381 7.299565 3.696404 0.960601
4.480620 1.022172 1.419625 4.408625 1.688460 2.255301 4.331866 2.473326 1.347965 2.579899 5.269366 4.912832 5.105688 2.942134 1.288244 5.161057 2.754343 0.832708 2.340576 1.798687 0.949572 0.786988 42.005401 36.720000 30.858825 18.872386 32.449195 34.966715 28.925653 18.325153 32.076278 28.684047 34.002603 27.592205 14.138225 20.093057 35.840427 1.236640 2.353317 3.341908 0.260785 0.796868 2.374341 2.961083 1.556543 1.873185 3.515041 1.908747 0.057978 0.589383 3.856488 3.018727 2.140051 1.271156 2.427904 1.608714 2.535012 0.760265 3.301300 3.220595 2.038063 1.120954 0.996659 1.386195 1.996786 1.150367 3.125356 2.717540 1.806952 4.002907 7.228869 9.302159 3.782643 3.651574 7.012514 3.998009 6.041457 3.738996 6.628895 3.875329 0.979972 0.714022 5.375726 2.672307 4.644377 3.109940 1.654213 4.461632 4.097186 6.949967 7.692826 6.152027 8.758327 4.514751 8.121417 3.645323 1.666109 2.753187 2.265114 2.102567 4.241805 2.669514 1.612572 1.464862 1.877401 4.175564 1.928714 4.668364 0.305821 7.142662 2.246730 2.991963 3.794813 0.897715 3.713500 2.572913 0.258303 4.861728 3.642029 2.467510 1.689208 1.743306 4.003752 1.446455 3.253084 3.154028 1.486197 1.092967
3.055024 0.306122 2.445274 3.533944 2.329089 1.499835 6.986448 4.725731 3.212809 6.097641 8.394590 4.414495 6.195681 0.524037 1.432704 7.394811 0.289052 1.352514 -0.237803 1.676170 1.602677 0.903947 52.840235 30.858825 64.380000 26.275470 51.971500 45.043870 41.046942 23.867334 47.863096 36.404018 45.649942 40.752619 17.206468 24.358356 49.856295 1.653475 3.993477 4.179158 2.431929 3.553386 0.539252 8.402609 2.378356 1.222048 0.639047 4.229721 2.879577 0.631000 5.137888 6.573894 9.787381 4.207056 3.503783 6.663985 0.682709 3.440749 6.288115 2.946395 8.334154 3.629969 1.765982 1.420416 1.092339 1.859732 6.048312 2.552386 8.245800 8.747875 7.485862 15.765908 8.315313 7.146526 2.975170 10.966528 3.793910 4.755404 6.780806 2.479382 4.632946 5.072456 6.173113 8.680692 5.650331 5.653679 4.705657 6.038018 7.821698 7.181019 11.005329 6.298825 10.458972 4.927185 9.857996 5.467404 2.041370 3.405873 7.983215 3.083069 2.974109 3.282791 0.860767 1.981051 1.455702 4.014306 1.623509 1.647409 2.841938 1.688164 3.673711 5.313484 5.260495 1.778667 5.917029 3.837568 4.443554 5.171189 2.054577 1.894031 3.010362 2.648328 3.920674 3.748618 0.365486 2.546005 1.985606 1.171848
0.990355 1.612316 1.444299 1.545641 0.785465 2.139451 2.466005 3.507782 1.960111 5.296665 2.820174 0.309226 2.257292 1.470111 2.642154 2.531803 1.509906 1.445270 2.918833 0.698772 1.220822 2.338304 32.851346 18.872386 26.275470 25.100000 30.550186 31.338462 22.787954 14.396452 26.681472 23.084191 28.969477 25.343160 12.296587 17.563128 28.694255 0.073248 2.520423 1.302668 4.683769 0.633356 1.533783 3.082458 2.599756 0.728055 0.119325 2.009744 2.010693 1.250788 5.238978 1.790382 1.992925 1.353267 1.745908 0.783558 3.085801 2.874622 2.964555 1.860872 2.891430 1.871883 1.504450 2.141884 0.921679 2.532167 4.032318 0.992179 5.456947 2.589330 4.087255 6.178904 2.990689 3.463818 3.220580 3.468793 1.263857 2.224195 4.790341 2.454982 1.334435 3.256711 3.580505 4.813391 3.067375 3.029127 3.355922 3.894539 5.498975 11.644309 8.757616 4.738256 7.688001 3.981622 7.135180 2.773345 1.668622 1.904288 3.961480 0.618489 3.637065 2.032689 0.833208 2.196540 1.683716 6.122209 1.446039 3.050276 1.061702 3.349193 2.695112 1.762882 0.941869 1.486563 2.932682 1.776840 1.938614 3.201348 1.771983 0.590334 2.736623 1.654984 1.799375 1.766284 2.213444 2.817159 0.222173 0.533106
4.978410 3.388639 3.698710 3.091944 0.581634 3.721973 4.035601 2.655485 5.840502 5.124861 5.416687 1.952345 7.790755 1.304433 2.623436 2.584376 3.636810 1.085864 2.822455 0.634215 0.807463 7.696583 61.129796 32.449195 51.971500 30.550186 80.030000 56.132265 42.932532 26.458561 51.452696 38.680690 50.778955 40.514256 18.439519 31.319390 60.584429 2.247810 5.446991 1.449796 3.971503 7.284488 0.274882 10.384910 2.111836 2.959990 0.284265 0.919304 5.361254 0.438072 10.146959 4.909772 9.575513 6.124802 2.226417 2.427717 6.137446 2.244640 4.127923 1.816831 7.788605 1.923181 3.945220 5.322718 4.603045 2.890631 5.958100 6.104477 5.811675 4.902406 7.791408 9.683070 8.459489 7.057806 4.821924 12.308440 5.443266 6.065113 7.248614 4.257009 4.737531 1.653642 1.840551 3.769911 6.073851 4.614476 4.752647 5.433302 12.291063 8.533051 7.223258 3.225045 8.994812 4.841814 8.015422 6.068140 2.143951 1.197682 4.130903 2.942273 4.334240 3.027798 2.666151 3.068598 4.323177 6.624218 2.567606 5.980411 1.053489 9.798762 3.431844 5.291100 2.359752 2.709542 5.592072 3.140279 1.730442 7.744767 3.132354 1.231337 2.224017 1.829769 7.986671 0.188438 4.386274 6.852443 3.436182 2.461860
3.348472 4.250410 2.954801 5.806044 2.543683 3.348842 4.926532 2.234771 3.664854 5.330528 0.903873 6.527053 3.897497 4.007644 2.171909 0.250456 4.025430 0.593292 0.139543 1.408491 1.992840 1.396379 61.042702 34.966715 45.043870 31.338462 56.132265 83.470000 42.433881 27.182104 45.833013 42.293230 49.214875 48.024656 18.199017 34.634384 55.682982 1.236376 6.168433 1.930352 5.408350 4.074448 1.379534 3.029005 2.205070 1.919097 3.640181 3.215522 3.213751 2.684967 11.672433 1.115652 8.117030 3.708522 1.582819 2.403237 4.813305 2.753638 5.819127 7.539702 3.788085 1.935388 1.081483 3.600012 4.202528 5.999243 4.622454 4.199568 3.374991 2.243164 8.678428 11.716677 8.782537 8.193016 7.618544 13.424906 4.237983 5.891675 8.263463 4.126860 4.811796 0.798416 5.739704 9.640431 7.108296 4.772007 5.423869 5.944641 11.012607 13.248378 12.545914 9.685613 10.260214 8.103277 12.478551 5.076726 5.345917 1.955547 7.256790 3.130373 5.136331 3.359825 2.028341 3.236442 3.975288 7.258063 3.482974 9.540659 4.032724 5.475551 3.578147 8.158817 4.683622 2.020608 5.351783 4.412915 5.768561 5.129996 3.873693 0.824398 4.549835 1.648464 2.646820 2.656624 3.403050 0.867297 3.771802 3.721083
3.061520 2.181159 3.274683 4.370074 1.839574 4.335119 1.769945 0.958674 5.121849 3.951107 3.717536 5.786490 0.687905 1.218404 0.721378 5.901280 0.062240 2.370611 0.036090 0.052886 0.994568 2.412697 50.180588 28.925653 41.046942 22.787954 42.932532 42.433881 52.740000 22.674625 42.183027 32.824749 41.821215 33.212070 15.747483 25.231552 44.688980 0.842339 2.165960 8.106204 2.986086 0.103969 2.107387 5.716354 3.139924 2.682264 6.266322 4.343532 2.770937 3.244009 7.618201 2.346898 5.561302 5.712525 2.519422 3.571919 3.437587 2.954951 4.480067 2.749114 6.360253 2.884961 2.059211 0.441757 3.333805 2.225629 5.717941 5.248137 5.723158 5.856105 7.861247 10.491885 3.936387 4.888091 2.989936 14.448096 5.483874 5.125558 7.349808 4.054332 3.110664 2.827371 3.311444 3.433249 2.355315 2.071677 2.259884 7.691194 8.008915 16.196598 9.015814 7.517914 10.305507 6.345778 5.596602 5.781916 2.542504 2.527328 5.492589 2.313264 6.581466 2.532121 2.257097 1.794586 3.148289 6.818637 3.440931 8.617339 2.483624 7.641797 1.895185 4.861023 2.975492 2.056102 4.298733 2.805464 0.704879 2.241423 0.450675 1.638560 1.093384 0.837421 4.397403 2.660937 2.068833 3.308003 2.980055 1.029050
3.832587 1.676867 1.112490 0.734433 1.169814 1.297835 1.549816 2.151492 1.972193 2.168013 1.402442 2.286226 2.896227 1.579817 1.386775 0.599870 1.053745 0.906156 0.639814 1.462138 1.395248 1.110398 30.817708 18.325153 23.867334 14.396452 26.458561 27.182104 22.674625 20.260000 24.442215 21.104004 25.974650 20.459670 10.354066 15.583991 27.152842 0.597612 2.180055 3.659523 0.243675 0.716583 0.833232 2.585761 1.879301 0.908823 2.616873 1.363826 1.041939 1.408868 5.376836 1.330611 6.512112 2.129667 1.664724 1.890017 1.457425 1.900209 2.911604 2.346350 3.502752 1.277367 0.760727 2.548143 0.523935 1.382556 2.875354 2.078288 2.558078 3.549326 3.232626 6.581603 3.643927 2.360923 2.646706 8.521452 2.539452 2.807985 4.408907 4.575498 2.445415 0.954398 1.454749 5.134215 2.521643 3.468658 1.968478 3.308178 3.991218 5.212957 8.522185 2.015976 3.061754 3.767320 2.468288 3.022499 1.504834 1.220165 1.365334 1.816795 2.067401 2.420351 1.800929 0.794495 1.404025 5.084442 3.336092 2.054715 1.796395 1.922763 2.324289 1.835046 2.325571 1.193894 2.069987 2.092057 2.144314 1.822969 2.903291 0.849583 3.439074 1.770893 3.410076 0.546539 0.562629 3.676823 0.157783 1.127545
1.744733 2.246742 4.304260 2.386262 0.428645 0.739135 4.493942 3.943170 4.435341 4.140280 2.609093 7.414287 3.200784 3.839249 3.262996 3.651928 0.419643 3.128766 0.945129 1.728684 0.623701 4.299811 58.161745 32.076278 47.863096 26.681472 51.452696 45.833013 42.183027 24.442215 70.290000 41.963333 45.217019 40.572994 18.865434 27.152580 50.512948 1.385311 2.452448 2.730337 3.902442 3.759171 1.629836 2.426857 -0.264537 2.013467 1.925395 2.223994 5.823113 2.559749 6.814891 5.532011 3.332421 1.633349 1.601728 3.409682 1.032813 4.164077 5.351126 2.211544 2.035260 1.514729 3.000120 3.524120 3.482919 4.869539 3.487353 3.170168 8.718932 4.319800 9.854738 12.744003 7.543728 10.196725 5.821881 10.516840 4.941161 5.331450 8.253901 3.905705 3.519494 5.745093 4.627869 14.980280 4.660974 0.920867 4.880752 6.788919 10.827059 19.067884 11.728995 8.540246 9.685592 8.414068 9.951676 5.637775 2.246052 2.264135 8.017551 0.887508 4.680710 4.134736 2.236566 1.752375 4.221104 4.509733 5.038015 5.620306 3.229275 5.389569 4.389539 3.938287 4.669432 2.843678 5.002003 2.448493 3.258903 5.355400 0.415757 1.020979 6.558605 2.826696 4.548720 1.440439 0.721544 4.529845 -0.230350 3.484061
4.543314 2.407335 2.588496 0.878187 2.840437 2.720633 4.973244 4.293518 4.308775 4.035265 2.330243 6.701735 3.564606 0.218625 0.153635 6.920635 2.129239 0.367723 1.288475 0.322771 -0.551868 0.400682 51.564743 28.684047 36.404018 23.084191 38.680690 42.293230 32.824749 21.104004 41.963333 55.990000 43.519011 35.828056 17.159715 23.962651 40.870420 1.484740 3.296123 1.289599 1.320387 2.827952 1.309722 0.103614 1.591303 2.294239 6.594991 0.954071 4.357921 3.140467 5.017919 4.013242 4.022808 2.060499 2.507137 4.859079 2.746848 4.302184 6.971128 5.835084 7.635926 2.062749 2.864353 2.054907 2.463999 3.069898 1.948262 2.794996 5.462957 7.144222 6.542382 9.981760 6.730707 3.573781 3.663021 14.724980 6.032460 3.858672 5.698146 6.124413 1.432303 2.118047 3.879645 5.592062 4.348653 2.805285 2.768205 6.280938 11.541770 8.031376 11.298659 9.296726 8.738891 7.346699 12.587851 3.164495 0.328442 2.461892 5.832378 2.339522 5.283229 1.074153 1.501675 2.095648 0.815790 4.595043 1.753952 2.322624 3.000091 1.301183 2.089144 4.168768 5.104183 1.901526 3.592489 3.064528 8.561053 1.033206 3.164313 0.257568 1.056897 1.514319 3.272679 2.008209 6.316115 5.280239 0.768955 1.867732
3.653618 0.854863 3.035159 5.814641 3.103194 2.604472 2.528987 0.415825 3.100791 5.579621 3.911893 5.655355 3.508786 2.311499 3.083605 4.119010 -0.066642 5.290933 1.592116 1.064994 0.380300 5.404687 58.464353 34.002603 45.649942 28.969477 50.778955 49.214875 41.821215 25.974650 45.217019 43.519011 74.580000 41.506509 19.260288 27.999361 55.961900 2.338989 4.839286 7.099601 6.480416 2.211946 2.119589 7.644042 1.786126 1.242345 2.729949 5.705598 0.568734 3.274451 5.474429 1.247100 6.141251 0.870935 0.860272 4.626828 2.269957 3.660122 3.906550 3.434896 3.946708 3.365177 2.046869 4.146214 3.375706 4.701224 7.047367 3.733178 6.956411 7.198241 10.425069 15.012072 8.788030 6.861640 3.466188 10.901430 7.657557 5.093364 6.784362 5.449854 3.175609 1.588518 4.881197 5.767982 5.065943 4.034416 2.074879 7.626307 10.766356 16.244510 12.004112 8.738857 12.653826 7.728768 12.156021 3.295502 2.232016 3.123637 3.406086 3.008693 5.198644 1.951725 2.387292 5.096632 1.022286 6.504892 3.375321 4.317260 2.322489 9.214516 4.904888 5.628706 3.679621 1.793196 2.148079 2.737218 4.329468 2.924843 2.545394 2.590083 2.959621 4.471865 4.008559 0.555699 3.126424 1.423644 4.049647 4.504273
4.198143 3.027652 2.800139 6.076206 3.975520 3.261533 5.019088 2.932613 3.686994 7.651503 5.562001 6.314215 5.211586 3.457100 2.505334 3.151863 0.635256 0.752994 2.363157 2.730716 1.681023 0.501109 48.534392 27.592205 40.752619 25.343160 40.514256 48.024656 33.212070 20.459670 40.572994 35.828056 41.506509 53.110000 17.029644 24.683823 43.341478 0.482839 3.423705 2.438079 2.384747 3.589244 3.048141 2.055957 2.450608 0.410176 0.219811 1.132884 3.747300 3.886967 7.949683 1.011151 2.995592 2.588077 1.068619 1.280091 0.829639 3.443028 3.294698 0.153358 5.475698 0.460281 1.224991 4.650828 3.157217 2.421625 2.589230 3.772752 6.356558 6.369538 10.581602 12.217000 3.651164 6.626447 4.792535 11.884305 2.771806 4.591363 4.005296 4.257886 2.833415 2.744853 5.748418 4.778708 2.036797 3.288192 2.412311 4.355826 10.179386 9.859739 9.735140 11.675257 8.113863 5.164467 5.520634 4.691664 2.043587 2.074892 6.005963 0.796970 4.268158 2.891534 2.359912 1.890416 1.818267 4.238019 2.597870 2.555202 2.586090 5.834063 1.019957 4.727807 6.095628 2.822261 4.567371 2.006584 5.646386 0.074255 5.935825 1.421798 3.051634 0.470689 3.086207 2.360792 3.959597 1.749667 0.488107 1.683457
