# 协方差矩阵（对角线方差=25-144）
# 基于分组相关性矩阵生成
135.129841 10.226255 -7.442745 -0.717212 0.885682 -13.149458 -0.031957 -2.596102 6.010783 49.879352 -4.036016 3.089859 -1.783891 4.197850 55.009073 4.517722 4.819142 7.882293 4.659234 0.327135 77.826689 -0.843900 0.498404 57.828502 3.652814 -11.372757 -4.988184 60.768531 5.611347 8.121333 -5.596637 64.481339 -8.393913 1.406312 9.231150 73.111463 -1.276075 -0.726277 74.385474 1.861559 2.973880 -7.198660 0.182543 4.153567 3.331951 -1.566907 44.940685 2.016094 -4.295194 2.918731
10.226255 124.676959 7.958498 -8.226745 -2.649819 5.817854 71.106158 62.655584 -1.986999 4.898569 50.174170 -1.830479 -3.169457 0.449117 0.253643 -5.109385 77.212342 -0.030925 3.655883 5.020487 -1.581779 -9.453342 66.661646 0.149178 -0.941321 -10.093061 7.359411 1.265586 -1.466856 3.336747 -1.687301 5.829190 75.727674 5.094408 0.839697 10.355889 5.725830 -4.666144 6.958297 78.639416 -3.592037 -5.262141 72.770334 -9.430794 -1.501197 65.899940 0.807968 -1.532810 0.816296 1.203406
-7.442745 7.958498 109.507942 7.227913 -3.965589 63.548433 -3.616394 2.647929 8.184932 1.353665 2.676895 5.632164 56.533994 0.224142 -3.861284 1.942729 0.913611 10.303972 5.791088 71.292994 -4.629472 4.514094 1.618118 -3.071238 3.533644 2.499002 61.944299 -8.070713 -2.279802 57.584048 0.996188 -11.677147 -2.203797 -0.860931 -6.139483 6.683550 85.266487 68.462010 -1.622821 4.640271 -1.820404 5.300158 2.110855 -2.316959 49.446928 -4.506710 -4.659325 -0.064386 46.802227 8.733723
-0.717212 -8.226745 7.227913 119.287435 -6.601542 4.102978 2.369132 -0.096199 49.444336 -1.696185 1.975745 -5.100384 -3.190047 -8.870148 -5.025063 66.189113 -5.535062 8.204559 88.313547 1.335886 -0.086885 70.948181 0.579157 -3.065222 -0.722849 70.124299 0.917675 7.110297 56.822396 -6.587914 -9.350109 -0.003445 -4.108097 72.877342 -1.306722 -12.109121 5.588084 -3.035470 0.046172 7.217551 68.465666 1.889594 -2.782765 -0.452414 -2.238413 7.062944 -1.772183 60.701937 -0.803426 8.471084
0.885682 -2.649819 -3.965589 -6.601542 111.939429 3.620156 0.685430 7.016316 3.425770 -0.887980 -1.018124 58.555758 2.192174 54.948983 4.461573 2.759208 7.240023 66.550844 -5.857681 1.645607 -1.997512 -4.469881 1.860276 1.175536 59.018998 -1.123413 7.171486 2.994673 -1.766648 3.596239 72.888886 -0.759995 1.305796 4.741249 71.560070 -7.728656 1.292053 -1.846054 -3.827448 9.220335 5.647238 73.635098 5.410112 72.960333 6.027119 7.293305 2.928029 1.098993 1.987456 49.195796
-13.149458 5.817854 63.548433 4.102978 3.620156 73.061047 -0.246216 -3.107119 2.655870 -0.067260 -0.992475 -2.133039 41.148430 -2.619099 7.960473 4.318204 -0.105325 -6.180466 -0.572533 58.477809 -9.252208 4.081196 2.922589 -2.844137 3.210989 -3.808350 47.971190 -3.656157 -3.096339 45.033793 -0.387184 1.821715 0.556201 2.209079 -4.574871 -3.710837 63.130826 58.809773 3.091703 -6.244520 2.233970 0.700449 2.964838 -5.856399 46.891632 2.931309 -0.546800 -2.673111 41.833183 0.951073
-0.031957 71.106158 -3.616394 2.369132 0.685430 -0.246216 78.629014 48.785647 -0.993624 2.471853 37.375382 -2.056657 0.776103 -1.706691 0.211525 -6.915969 70.565664 -5.085154 -0.595391 -10.072730 -0.907291 -2.395961 53.914737 2.972359 -3.566699 -0.841358 -6.737004 2.436058 4.095970 -0.525327 2.374216 -0.763970 64.419266 -7.754415 -6.546852 -7.647438 2.979630 0.593404 3.870206 64.966252 -3.086008 -7.138717 56.706975 -8.724254 -1.096061 50.879869 -2.563161 2.726116 1.371471 2.806867
-2.596102 62.655584 2.647929 -0.096199 7.016316 -3.107119 48.785647 62.455202 0.202013 2.016060 31.451416 -0.355717 -4.150506 -0.599358 -7.184516 -3.755101 55.323143 -6.821483 0.473341 -2.010776 5.876932 -1.831477 39.358586 -0.750356 -3.562519 1.128766 4.138764 3.609349 -7.099526 -3.909400 -2.006491 -4.513648 51.311014 10.652186 -7.649911 -3.640264 -3.507912 -4.638784 -7.072573 49.569868 7.416637 -6.732508 49.347525 -3.619281 -5.459628 46.161171 -2.057732 0.959871 0.776144 -4.782708
6.010783 -1.986999 8.184932 49.444336 3.425770 2.655870 -0.993624 0.202013 42.965559 2.511399 -4.595633 0.304186 2.530844 -1.579124 2.019425 42.120997 -5.840610 -1.129727 49.770741 -1.496704 2.814137 36.475260 -6.624436 1.303308 4.658390 37.844653 1.207645 3.706871 27.837681 4.832424 1.633944 5.013751 -4.686637 46.833357 3.100739 4.094696 4.880447 -1.186174 -1.357440 -3.664588 41.019716 -4.228732 -0.779487 2.662131 0.366682 -0.982376 0.537692 35.008199 -2.397408 2.133902
49.879352 4.898569 1.353665 -1.696185 -0.887980 -0.067260 2.471853 2.016060 2.511399 35.872260 0.582188 3.362042 -0.993883 -2.154912 33.547649 -1.114291 -0.571813 2.612498 -5.626936 -2.375863 38.251967 2.636533 0.939836 34.454252 -1.767321 -1.540601 -0.678302 28.755534 -1.923098 2.125658 -0.238836 36.712532 2.246825 6.919846 -0.707747 40.311181 1.601354 -1.692891 44.043136 2.409601 -0.363183 3.905691 -0.399147 1.372633 -2.750848 0.057276 23.565517 -1.775174 1.429320 0.304633
-4.036016 50.174170 2.676895 1.975745 -1.018124 -0.992475 37.375382 31.451416 -4.595633 0.582188 34.115642 -0.550360 -4.125802 1.290079 -0.668720 1.173177 43.781737 1.020631 -1.396117 0.742202 -0.062481 1.075313 32.938906 -2.400566 -1.246195 -0.477770 3.374687 0.213045 1.332623 -1.101245 -1.562170 -2.134870 41.756578 2.541564 -2.446200 3.883339 0.471935 -0.613046 -1.216046 41.246255 0.450263 -0.827784 36.313768 0.911708 -0.686476 32.567520 -0.380224 2.533706 -1.250065 0.992875
3.089859 -1.830479 5.632164 -5.100384 58.555758 -2.133039 -2.056657 -0.355717 0.304186 3.362042 -0.550360 55.548460 -3.813274 33.057036 -1.385538 4.050851 -2.452799 45.299046 -5.142269 -2.454426 -0.604895 -1.618911 3.970684 6.729922 38.717661 0.777872 1.810862 -4.588016 -0.812467 5.010920 51.625995 -8.760406 -1.186357 4.037384 50.924939 -4.750124 2.011122 5.113688 4.628561 -3.035760 5.602808 52.022620 -2.056332 50.948282 0.003265 1.953503 -0.304310 0.910113 2.881010 37.448081
-1.783891 -3.169457 56.533994 -3.190047 2.192174 41.148430 0.776103 -4.150506 2.530844 -0.993883 -4.125802 -3.813274 53.010022 2.127812 -1.133337 -2.226937 -3.442737 7.423997 7.676841 47.723000 -0.041848 2.403514 -1.710650 -3.497194 2.146878 -2.478834 41.110126 -3.152521 0.670599 40.819055 4.059121 0.627497 -2.740764 -9.121106 1.953319 3.000219 53.266069 52.427768 -1.876882 -4.143540 -1.586620 2.644706 -4.804493 0.081876 38.966276 -3.063819 -1.678582 1.051339 36.085901 -1.377746
4.197850 0.449117 0.224142 -8.870148 54.948983 -2.619099 -1.706691 -0.599358 -1.579124 -2.154912 1.290079 33.057036 2.127812 48.304814 -0.620221 -0.069502 2.262822 48.056437 -3.655457 6.749337 -1.948604 -3.235922 -3.870982 -0.076967 39.272049 -1.391705 0.322569 4.004157 -0.776349 -2.786180 50.500200 -3.686013 -1.793116 -5.940171 47.553972 -0.927505 -1.429432 -1.811836 2.166138 0.598925 0.829460 44.437936 -1.399142 42.625274 -2.465164 -3.083465 -1.047224 -2.074485 -0.972332 34.836040
55.009073 0.253643 -3.861284 -5.025063 4.461573 7.960473 0.211525 -7.184516 2.019425 33.547649 -0.668720 -1.385538 -1.133337 -0.620221 59.115022 1.017848 6.524267 0.251296 1.324393 0.978818 39.999889 4.001562 1.966731 42.639977 -1.613181 0.047298 -5.076897 37.929044 -5.430491 3.930698 -1.002454 49.972429 -2.844944 0.309924 0.791636 48.391410 1.838919 0.943462 52.238270 -0.345665 -6.244711 -2.701669 4.697594 2.635782 0.239207 3.137292 32.369694 -5.648760 0.693294 -5.626287
4.517722 -5.109385 1.942729 66.189113 2.759208 4.318204 -6.915969 -3.755101 42.120997 -1.114291 1.173177 4.050851 -2.226937 -0.069502 1.017848 82.050887 -9.612188 -6.856687 71.628867 -0.181293 9.693531 57.952589 0.100616 1.518123 2.754175 52.330344 5.089430 -0.565157 43.520352 1.337870 3.646220 1.813596 -5.571367 62.341448 -1.421614 4.649730 -0.108139 -2.373693 2.421003 -7.398375 63.199795 2.611024 -1.161802 -4.131442 2.244031 1.241134 1.076007 54.343284 -4.401963 -1.942147
4.819142 77.212342 0.913611 -5.535062 7.240023 -0.105325 70.565664 55.323143 -5.840610 -0.571813 43.781737 -2.452799 -3.442737 2.262822 6.524267 -9.612188 105.110447 -0.218854 -1.896412 -9.991655 0.869904 -7.151657 55.378949 -2.370727 0.150217 -3.942037 -3.275393 2.508886 0.392805 -3.291427 4.270421 -2.702162 70.723521 -7.376971 -5.559109 10.072614 0.852871 -3.686028 -2.085878 62.775432 -4.502377 -2.260039 65.733506 3.449766 0.307613 50.406423 4.528160 1.215546 -1.163945 4.257209
7.882293 -0.030925 10.303972 8.204559 66.550844 -6.180466 -5.085154 -6.821483 -1.129727 2.612498 1.020631 45.299046 7.423997 48.056437 0.251296 -6.856687 -0.218854 90.857930 -1.497787 -1.062504 -1.858770 0.249657 2.300583 -0.267176 48.973589 0.497211 0.234232 1.120817 1.798903 0.786987 64.518826 -0.091249 -7.230267 -3.895889 69.205231 1.601325 4.777139 -0.255096 -6.759699 6.432273 -8.148726 67.971851 1.882151 57.138802 -3.793239 -0.687949 4.023791 -4.463017 -4.039670 51.326474
4.659234 3.655883 5.791088 88.313547 -5.857681 -0.572533 -0.595391 0.473341 49.770741 -5.626936 -1.396117 -5.142269 7.676841 -3.655457 1.324393 71.628867 -1.896412 -1.497787 108.874544 5.686874 3.840588 68.350422 -2.192165 -1.313364 3.547054 67.051822 -1.501316 -0.624600 50.493560 -2.729129 -0.578627 3.804042 -10.386997 68.390593 4.554294 -5.086729 4.301882 -3.355438 1.964007 -0.572146 65.570689 -4.168932 -3.264816 0.480057 -0.892515 7.585785 1.566945 60.278940 -2.123905 -3.323501
0.327135 5.020487 71.292994 1.335886 1.645607 58.477809 -10.072730 -2.010776 -1.496704 -2.375863 0.742202 -2.454426 47.723000 6.749337 0.978818 -0.181293 -9.991655 -1.062504 5.686874 86.457835 3.785775 0.632593 -2.919271 -1.910197 2.709310 4.325010 56.561540 1.880326 -1.516960 53.386144 -2.109796 2.970261 -1.967057 3.654847 5.050404 1.735480 60.163570 59.540797 9.416298 -1.147205 6.760201 1.433740 -0.385614 9.178564 48.703388 -2.034356 -1.545272 -1.709862 48.846969 4.635493
77.826689 -1.581779 -4.629472 -0.086885 -1.997512 -9.252208 -0.907291 5.876932 2.814137 38.251967 -0.062481 -0.604895 -0.041848 -1.948604 39.999889 9.693531 0.869904 -1.858770 3.840588 3.785775 77.005575 0.244829 -0.287498 40.876336 1.897063 -0.336868 -2.187357 45.153014 -4.529841 0.315381 0.014067 52.563760 -0.313505 4.996561 3.323483 59.498828 -11.345313 -0.071245 60.526758 0.114060 6.102032 -3.028732 5.486047 3.026458 -5.795927 3.837606 39.116554 0.477174 0.759156 1.392447
-0.843900 -9.453342 4.514094 70.948181 -4.469881 4.081196 -2.395961 -1.831477 36.475260 2.636533 1.075313 -1.618911 2.403514 -3.235922 4.001562 57.952589 -7.151657 0.249657 68.350422 0.632593 0.244829 74.764762 -6.646615 3.327429 1.041650 57.014122 1.106896 -0.976689 43.098220 -2.130365 -6.248141 3.171963 1.362891 53.690701 -6.968068 2.681932 -2.976339 -2.889371 3.567229 -2.351184 58.538619 7.469436 -2.860303 2.611696 -0.590160 7.507941 -0.295291 49.997980 -1.140032 -1.024645
0.498404 66.661646 1.618118 0.579157 1.860276 2.922589 53.914737 39.358586 -6.624436 0.939836 32.938906 3.970684 -1.710650 -3.870982 1.966731 0.100616 55.378949 2.300583 -2.192165 -2.919271 -0.287498 -6.646615 57.634126 4.261877 -5.548022 -4.462387 -0.648300 1.550783 -0.530009 2.836515 -0.946976 2.498384 55.492085 -1.893647 -2.661517 0.224462 0.761490 2.436702 3.791271 51.390340 -3.369130 -0.401737 53.043243 -4.176558 0.145218 42.772090 -2.031512 0.880961 0.617128 2.240317
57.828502 0.149178 -3.071238 -3.065222 1.175536 -2.844137 2.972359 -0.750356 1.303308 34.454252 -2.400566 6.729922 -3.497194 -0.076967 42.639977 1.518123 -2.370727 -0.267176 -1.313364 -1.910197 40.876336 3.327429 4.261877 50.587537 -3.675399 2.516554 -6.550144 40.322132 -2.173773 1.364813 -0.023479 43.082208 3.996939 -0.578718 -3.218873 43.601661 2.034042 1.139192 55.452762 1.776467 3.320810 0.235679 -0.264815 1.417566 -0.412855 1.931120 31.278000 0.735464 0.195349 0.203426
3.652814 -0.941321 3.533644 -0.722849 59.018998 3.210989 -3.566699 -3.562519 4.658390 -1.767321 -1.246195 38.717661 2.146878 39.272049 -1.613181 2.754175 0.150217 48.973589 3.547054 2.709310 1.897063 1.041650 -5.548022 -3.675399 57.582166 -2.208959 0.450310 -1.627706 -2.820878 -1.940593 48.566576 2.395115 -7.988915 1.134052 62.353481 -0.540564 3.028357 -2.756670 0.095279 -2.210201 -6.775872 56.855653 -4.747323 51.505785 0.571300 6.289001 1.462328 0.018055 -0.815335 42.939754
-11.372757 -10.093061 2.499002 70.124299 -1.123413 -3.808350 -0.841358 1.128766 37.844653 -1.540601 -0.477770 0.777872 -2.478834 -1.391705 0.047298 52.330344 -3.942037 0.497211 67.051822 4.325010 -0.336868 57.014122 -4.462387 2.516554 -2.208959 71.277322 -0.919510 0.320458 41.824533 -3.808492 -0.271264 -0.592915 -6.950396 61.972116 2.675307 -4.761371 -1.068321 -2.043552 3.977838 -2.235312 57.947298 2.775950 -1.425411 2.882357 -4.417734 -3.812998 -0.558623 50.109274 2.577909 3.309962
-4.988184 7.359411 61.944299 0.917675 7.171486 47.971190 -6.737004 4.138764 1.207645 -0.678302 3.374687 1.810862 41.110126 0.322569 -5.076897 5.089430 -3.275393 0.234232 -1.501316 56.561540 -2.187357 1.106896 -0.648300 -6.550144 0.450310 -0.919510 66.072429 -2.880745 4.566547 44.141409 1.438106 -3.017217 -0.689628 -0.722163 -0.699197 5.656868 55.205242 56.020104 -2.901362 6.142932 4.850383 3.322933 1.516735 1.859557 44.707879 5.108801 -2.052757 3.115357 43.069007 -2.500476
60.768531 1.265586 -8.070713 7.110297 2.994673 -3.656157 2.436058 3.609349 3.706871 28.755534 0.213045 -4.588016 -3.152521 4.004157 37.929044 -0.565157 2.508886 1.120817 -0.624600 1.880326 45.153014 -0.976689 1.550783 40.322132 -1.627706 0.320458 -2.880745 52.201102 0.372672 -5.144001 -3.682744 43.065847 5.756439 -2.250078 1.882503 43.827219 -2.212233 0.257690 53.944516 6.516040 5.973927 -5.081052 4.117196 3.383413 1.634953 2.128719 31.553810 -0.397410 0.004685 0.327686
5.611347 -1.466856 -2.279802 56.822396 -1.766648 -3.096339 4.095970 -7.099526 27.837681 -1.923098 1.332623 -0.812467 0.670599 -0.776349 -5.430491 43.520352 0.392805 1.798903 50.493560 -1.516960 -4.529841 43.098220 -0.530009 -2.173773 -2.820878 41.824533 4.566547 0.372672 50.211869 0.570119 -2.069202 -2.351011 -0.538728 41.514178 -7.203437 -5.210676 -0.303846 -1.832078 0.097545 4.239713 46.487780 2.129723 -5.329322 -1.840118 3.189061 -2.162826 -2.340736 42.626787 -0.518173 -0.182606
8.121333 3.336747 57.584048 -6.587914 3.596239 45.033793 -0.525327 -3.909400 4.832424 2.125658 -1.101245 5.010920 40.819055 -2.786180 3.930698 1.337870 -3.291427 0.786987 -2.729129 53.386144 0.315381 -2.130365 2.836515 1.364813 -1.940593 -3.808492 44.141409 -5.144001 0.570119 57.986990 2.447001 -0.785831 1.478384 3.558445 -0.604097 -1.014702 53.052342 53.732349 -3.737577 -0.568210 -0.507605 -3.165380 -0.486522 2.696530 44.359543 -0.377127 0.000980 2.731446 40.683101 -0.726274
-5.596637 -1.687301 0.996188 -9.350109 72.888886 -0.387184 2.374216 -2.006491 1.633944 -0.238836 -1.562170 51.625995 4.059121 50.500200 -1.002454 3.646220 4.270421 64.518826 -0.578627 -2.109796 0.014067 -6.248141 -0.946976 -0.023479 48.566576 -0.271264 1.438106 -3.682744 -2.069202 2.447001 82.995877 -6.714750 -3.923823 -6.202277 63.556104 -8.421324 -2.688514 1.192780 3.278091 -1.945453 -3.125241 60.088197 -1.371108 54.685428 0.978611 -1.558437 5.902120 1.539524 1.224831 46.316695
64.481339 5.829190 -11.677147 -0.003445 -0.759995 1.821715 -0.763970 -4.513648 5.013751 36.712532 -2.134870 -8.760406 0.627497 -3.686013 49.972429 1.813596 -2.702162 -0.091249 3.804042 2.970261 52.563760 3.171963 2.498384 43.082208 2.395115 -0.592915 -3.017217 43.065847 -2.351011 -0.785831 -6.714750 73.668868 -6.055033 1.882631 -2.704691 57.521073 -1.932133 4.159718 55.373141 -1.375056 -3.512826 4.891181 -2.064645 2.284687 -3.997965 8.398839 36.832438 -3.120593 1.300670 0.489706
-8.393913 75.727674 -2.203797 -4.108097 1.305796 0.556201 64.419266 51.311014 -4.686637 2.246825 41.756578 -1.186357 -2.740764 -1.793116 -2.844944 -5.571367 70.723521 -7.230267 -10.386997 -1.967057 -0.313505 1.362891 55.492085 3.996939 -7.988915 -6.950396 -0.689628 5.756439 -0.538728 1.478384 -3.923823 -6.055033 96.367065 -4.212780 -9.274219 9.273488 -10.799012 -6.037525 2.953371 69.308529 10.821161 -4.590071 67.162567 4.543769 1.235062 55.228161 -0.332985 2.906684 1.513183 2.938658
1.406312 5.094408 -0.860931 72.877342 4.741249 2.209079 -7.754415 10.652186 46.833357 6.919846 2.541564 4.037384 -9.121106 -5.940171 0.309924 62.341448 -7.376971 -3.895889 68.390593 3.654847 4.996561 53.690701 -1.893647 -0.578718 1.134052 61.972116 -0.722163 -2.250078 41.514178 3.558445 -6.202277 1.882631 -4.212780 97.627250 5.882262 -5.402170 -5.314835 -11.295556 -7.727750 -7.506474 64.913049 -0.260100 -2.686684 2.042507 -3.923646 -1.697829 -1.957741 53.855376 -1.901535 -4.129933
9.231150 0.839697 -6.139483 -1.306722 71.560070 -4.574871 -6.546852 -7.649911 3.100739 -0.707747 -2.446200 50.924939 1.953319 47.553972 0.791636 -1.421614 -5.559109 69.205231 4.554294 5.050404 3.323483 -6.968068 -2.661517 -3.218873 62.353481 2.675307 -0.699197 1.882503 -7.203437 -0.604097 63.556104 -2.704691 -9.274219 5.882262 104.595581 -1.495883 1.319874 0.037687 0.989666 -0.434676 -5.666612 64.474069 2.683408 69.849572 4.734315 0.932281 0.602009 -5.225198 2.733455 51.150082
73.111463 10.355889 6.683550 -12.109121 -7.728656 -3.710837 -7.647438 -3.640264 4.094696 40.311181 3.883339 -4.750124 3.000219 -0.927505 48.391410 4.649730 10.072614 1.601325 -5.086729 1.735480 59.498828 2.681932 0.224462 43.601661 -0.540564 -4.761371 5.656868 43.827219 -5.210676 -1.014702 -8.421324 57.521073 9.273488 -5.402170 -1.495883 86.542798 -1.207597 1.585735 61.352900 1.422348 2.515705 -0.231777 10.375171 4.708042 -3.210588 1.003699 38.686248 -3.479213 -3.243731 0.773006
-1.276075 5.725830 85.266487 5.588084 1.292053 63.130826 2.979630 -3.507912 4.880447 1.601354 0.471935 2.011122 53.266069 -1.429432 1.838919 -0.108139 0.852871 4.777139 4.301882 60.163570 -11.345313 -2.976339 0.761490 2.034042 3.028357 -1.068321 55.205242 -2.212233 -0.303846 53.052342 -2.688514 -1.932133 -10.799012 -5.314835 1.319874 -1.207597 101.356132 75.790631 -5.509172 4.299568 -1.446284 6.880662 -7.332996 -5.800152 54.805571 -1.304614 -1.284937 -5.567916 50.627314 5.495738
-0.726277 -4.666144 68.462010 -3.035470 -1.846054 58.809773 0.593404 -4.638784 -1.186174 -1.692891 -0.613046 5.113688 52.427768 -1.811836 0.943462 -2.373693 -3.686028 -0.255096 -3.355438 59.540797 -0.071245 -2.889371 2.436702 1.139192 -2.756670 -2.043552 56.020104 0.257690 -1.832078 53.732349 1.192780 4.159718 -6.037525 -11.295556 0.037687 1.585735 75.790631 94.769470 -2.710089 -10.196153 5.284189 -3.018738 -6.992692 -3.539556 53.760684 -3.275735 2.885136 -1.568942 57.190905 2.987683
74.385474 6.958297 -1.622821 0.046172 -3.827448 3.091703 3.870206 -7.072573 -1.357440 44.043136 -1.216046 4.628561 -1.876882 2.166138 52.238270 2.421003 -2.085878 -6.759699 1.964007 9.416298 60.526758 3.567229 3.791271 55.452762 0.095279 3.977838 -2.901362 53.944516 0.097545 -3.737577 3.278091 55.373141 2.953371 -7.727750 0.989666 61.352900 -5.509172 -2.710089 100.906347 -0.696515 1.891302 2.674001 -0.722280 6.402739 -0.513889 -2.932605 40.083078 4.315889 4.237067 6.643931
1.861559 78.639416 4.640271 7.217551 9.220335 -6.244520 64.966252 49.569868 -3.664588 2.409601 41.246255 -3.035760 -4.143540 0.598925 -0.345665 -7.398375 62.775432 6.432273 -0.572146 -1.147205 0.114060 -2.351184 51.390340 1.776467 -2.210201 -2.235312 6.142932 6.516040 4.239713 -0.568210 -1.945453 -1.375056 69.308529 -7.506474 -0.434676 1.422348 4.299568 -10.196153 -0.696515 87.174499 -4.366121 0.178872 63.841979 -0.793493 -1.166805 57.265838 -0.619782 -2.296641 -0.060984 6.449313
2.973880 -3.592037 -1.820404 68.465666 5.647238 2.233970 -3.086008 7.416637 41.019716 -0.363183 0.450263 5.602808 -1.586620 0.829460 -6.244711 63.199795 -4.502377 -8.148726 65.570689 6.760201 6.102032 58.538619 -3.369130 3.320810 -6.775872 57.947298 4.850383 5.973927 46.487780 -0.507605 -3.125241 -3.512826 10.821161 64.913049 -5.666612 2.515705 -1.446284 5.284189 1.891302 -4.366121 88.436925 -3.679529 7.155477 9.296564 -0.482821 2.454872 -0.011020 47.989311 1.391895 -0.307176
-7.198660 -5.262141 5.300158 1.889594 73.635098 0.700449 -7.138717 -6.732508 -4.228732 3.905691 -0.827784 52.022620 2.644706 44.437936 -2.701669 2.611024 -2.260039 67.971851 -4.168932 1.433740 -3.028732 7.469436 -0.401737 0.235679 56.855653 2.775950 3.322933 -5.081052 2.129723 -3.165380 60.088197 4.891181 -4.590071 -0.260100 64.474069 -0.231777 6.880662 -3.018738 2.674001 0.178872 -3.679529 92.367537 -11.611334 66.573320 -0.301776 5.222851 -0.478946 -0.917475 5.646188 52.787035
0.182543 72.770334 2.110855 -2.782765 5.410112 2.964838 56.706975 49.347525 -0.779487 -0.399147 36.313768 -2.056332 -4.804493 -1.399142 4.697594 -1.161802 65.733506 1.882151 -3.264816 -0.385614 5.486047 -2.860303 53.043243 -0.264815 -4.747323 -1.425411 1.516735 4.117196 -5.329322 -0.486522 -1.371108 -2.064645 67.162567 -2.686684 2.683408 10.375171 -7.332996 -6.992692 -0.722280 63.841979 7.155477 -11.611334 80.289733 2.388470 -5.225243 51.363058 -0.422804 -8.310865 -7.168689 1.823153
4.153567 -9.430794 -2.316959 -0.452414 72.960333 -5.856399 -8.724254 -3.619281 2.662131 1.372633 0.911708 50.948282 0.081876 42.625274 2.635782 -4.131442 3.449766 57.138802 0.480057 9.178564 3.026458 2.611696 -4.176558 1.417566 51.505785 2.882357 1.859557 3.383413 -1.840118 2.696530 54.685428 2.284687 4.543769 2.042507 69.849572 4.708042 -5.800152 -3.539556 6.402739 -0.793493 9.296564 66.573320 2.388470 87.031451 -0.013649 6.080737 1.278431 -3.506087 1.989407 46.895925
3.331951 -1.501197 49.446928 -2.238413 6.027119 46.891632 -1.096061 -5.459628 0.366682 -2.750848 -0.686476 0.003265 38.966276 -2.465164 0.239207 2.244031 0.307613 -3.793239 -0.892515 48.703388 -5.795927 -0.590160 0.145218 -0.412855 0.571300 -4.417734 44.707879 1.634953 3.189061 44.359543 0.978611 -3.997965 1.235062 -3.923646 4.734315 -3.210588 54.805571 53.760684 -0.513889 -1.166805 -0.482821 -0.301776 -5.225243 -0.013649 55.188679 -4.210139 2.166806 5.500377 38.009562 -1.078455
-1.566907 65.899940 -4.506710 7.062944 7.293305 2.931309 50.879869 46.161171 -0.982376 0.057276 32.567520 1.953503 -3.063819 -3.083465 3.137292 1.241134 50.406423 -0.687949 7.585785 -2.034356 3.837606 7.507941 42.772090 1.931120 6.289001 -3.812998 5.108801 2.128719 -2.162826 -0.377127 -1.558437 8.398839 55.228161 -1.697829 0.932281 1.003699 -1.304614 -3.275735 -2.932605 57.265838 2.454872 5.222851 51.363058 6.080737 -4.210139 66.087309 1.749937 -2.193149 2.207128 0.703487
44.940685 0.807968 -4.659325 -1.772183 2.928029 -0.546800 -2.563161 -2.057732 0.537692 23.565517 -0.380224 -0.304310 -1.678582 -1.047224 32.369694 1.076007 4.528160 4.023791 1.566945 -1.545272 39.116554 -0.295291 -2.031512 31.278000 1.462328 -0.558623 -2.052757 31.553810 -2.340736 0.000980 5.902120 36.832438 -0.332985 -1.957741 0.602009 38.686248 -1.284937 2.885136 40.083078 -0.619782 -0.011020 -0.478946 -0.422804 1.278431 2.166806 1.749937 33.936994 1.563033 0.434846 2.853144
2.016094 -1.532810 -0.064386 60.701937 1.098993 -2.673111 2.726116 0.959871 35.008199 -1.775174 2.533706 0.910113 1.051339 -2.074485 -5.648760 54.343284 1.215546 -4.463017 60.278940 -1.709862 0.477174 49.997980 0.880961 0.735464 0.018055 50.109274 3.115357 -0.397410 42.626787 2.731446 1.539524 -3.120593 2.906684 53.855376 -5.225198 -3.479213 -5.567916 -1.568942 4.315889 -2.296641 47.989311 -0.917475 -8.310865 -3.506087 5.500377 -2.193149 1.563033 59.554306 1.707841 0.434633
-4.295194 0.816296 46.802227 -0.803426 1.987456 41.833183 1.371471 0.776144 -2.397408 1.429320 -1.250065 2.881010 36.085901 -0.972332 0.693294 -4.401963 -1.163945 -4.039670 -2.123905 48.846969 0.759156 -1.140032 0.617128 0.195349 -0.815335 2.577909 43.069007 0.004685 -0.518173 40.683101 1.224831 1.300670 1.513183 -1.901535 2.733455 -3.243731 50.627314 57.190905 4.237067 -0.060984 1.391895 5.646188 -7.168689 1.989407 38.009562 2.207128 0.434846 1.707841 48.742128 2.132210
2.918731 1.203406 8.733723 8.471084 49.195796 0.951073 2.806867 -4.782708 2.133902 0.304633 0.992875 37.448081 -1.377746 34.836040 -5.626287 -1.942147 4.257209 51.326474 -3.323501 4.635493 1.392447 -1.024645 2.240317 0.203426 42.939754 3.309962 -2.500476 0.327686 -0.182606 -0.726274 46.316695 0.489706 2.938658 -4.129933 51.150082 0.773006 5.495738 2.987683 6.643931 6.449313 -0.307176 52.787035 1.823153 46.895925 -1.078455 0.703487 2.853144 0.434633 2.132210 51.735767
