# 协方差矩阵（对角线方差=25-144）
# 基于分组相关性矩阵生成
33.708352 -1.711561 -1.912772 2.262527 -1.330121 -1.364926 2.597920 -0.167468 -0.132871 -1.350828 -1.982015 -0.082860 -2.548398 -0.113549 -0.390682 2.659380 -0.797271 -1.403305 -0.656603 3.555216 0.958719 0.035324 -1.384509 1.624228 -0.156718 0.144407 -0.662063 -0.695638 1.079047 -0.761516 -1.221354 -0.359161 0.627466 0.448087 2.985723 1.868143 -1.438123 1.520506 -1.400549 -0.924943 -1.454667 -0.452559 11.967555 1.067314 0.371416 3.549460 2.216463 11.961221 -0.424537 1.293290 2.472975 1.772663 2.947045 3.157218 17.142690 -1.703698 0.530806 -1.062346 19.504930 3.643668 0.181128 -1.641697 -0.478466 2.012701 2.951825 0.320002 -3.481879 -1.450690 1.709231 15.580533 -0.745664 0.400648 -1.574775 -1.556719 -2.459522 0.400569 1.158538 16.962079 0.512258 1.231473 -0.260251 -0.642528 0.148747 2.640475 15.853385 -2.736014 -0.341298 -1.074726 0.720608 -2.222689 1.063450 0.681919 2.926733 0.917648 4.637880 -0.164325 2.100952 2.436147 20.945372 -1.961701 -1.601481 0.674007 18.117050 1.748873 0.374284 18.575056 18.557110 -2.287823 2.592791 -0.506385 1.667503 -1.022608 15.118079 -2.681730 1.511429 1.472973 2.012996 -1.794626 -1.609866 -2.241238 -0.832389 1.281008 -0.275841 16.487122 12.147570 -1.107197 2.581647 3.147993 -2.558296 15.949647 1.127309 1.391922 1.797346 0.663362 -1.591539 -0.162143 0.007181 -2.781634 -0.409449 -4.175137 15.076344 -1.875825 -2.047760 -2.113916 -0.774625 17.008812 -0.334445 -2.061727 -0.998954 0.566930 -1.514793 12.492132 19.717694 2.436399 1.183831 18.424756 2.083125 1.014741 1.079381 2.115984 -3.593874 3.210685 -0.730940 2.069127 -0.385603 0.907309 15.951845 -3.352944 0.387366 0.902614 2.071492 -1.064697 -1.878501 1.279400 -0.196447 0.633288 -0.423465 0.107687 -1.865952 2.767896 19.420374 2.327202 14.743301 2.530450 -2.855961 2.220984 1.632649 0.744814 1.548793 1.416837 10.721429 -3.114671 1.773979 -2.331525 0.341445 -0.340265 0.327442 0.140796 -0.064194 1.116881
-1.711561 45.403370 19.418604 0.315717 0.899657 0.129100 2.191514 -0.263485 1.448862 -0.132503 22.100885 -0.586879 2.902224 0.219211 -0.499220 -0.408418 0.563088 -0.648008 0.458848 17.044435 1.243197 -6.113650 2.212222 -2.279642 -1.690207 0.880146 -2.380521 0.445398 0.455635 3.467112 13.239826 1.557136 -0.309130 -1.595726 2.441368 19.588400 -0.671854 23.344470 0.058710 1.497581 1.096852 -1.790048 -0.821264 17.753357 16.720760 2.331931 0.334934 0.882516 -1.075741 15.891909 -0.040433 12.494670 3.221952 -0.590822 1.847846 -1.860389 1.889381 -1.499898 1.405801 -2.826502 0.710270 0.804105 -2.589917 -2.028157 -1.998871 -0.590318 3.573210 1.664751 -1.382284 0.920023 2.337236 -0.287402 21.049185 0.237533 -5.358232 -0.357968 13.248716 0.290284 18.639362 -1.621616 0.926997 22.327700 -2.712241 1.287309 -0.553907 1.735886 0.768697 -0.448620 16.453379 -2.464932 3.749538 0.352995 -1.758730 1.989298 -3.554039 -0.396320 -2.354327 -3.151539 -0.483663 -0.141770 0.316874 -1.112373 0.118449 0.932215 0.208730 0.450535 1.778598 -3.575319 -0.265428 -3.764478 -1.517692 -1.000758 -0.805266 1.636029 0.138798 -0.271357 24.084381 0.043112 2.204426 2.191973 -1.051421 -2.127197 16.094560 0.831909 1.662591 0.262523 -2.166062 -1.153622 24.943376 1.802371 -1.608894 -5.227705 4.083803 -0.753757 -2.861182 1.463074 -1.002900 2.150364 -1.477116 26.602217 3.124447 16.090659 -3.263150 2.819262 -1.614371 0.814268 0.012797 4.130531 0.110601 -1.471532 -2.235316 1.960561 -0.197549 17.042186 3.314903 1.701268 2.486081 -0.131316 1.248686 15.551657 1.940323 -0.957623 1.083065 -1.054765 1.352391 -2.312226 0.559725 -0.886908 5.531406 0.914998 -3.172177 0.887189 20.555273 0.828860 -0.558377 -1.467041 0.961551 3.092209 0.133987 0.185473 -5.268015 -1.112477 2.091314 -1.880721 1.775597 2.534932 -0.629491 0.259468 18.226717 -2.529779 1.624146 0.756829 0.854898 2.180723 -2.807966 -0.496328 -0.685559 -1.279685 -0.979984 -0.284209
-1.912772 19.418604 46.477357 -4.709683 -0.047506 -1.088411 2.346927 -0.592489 -1.438466 2.301941 18.262963 1.732534 0.662773 0.358640 -1.865544 1.062369 -1.172583 -1.911263 0.680201 17.463648 -3.755797 -1.700887 -0.108664 1.468841 -2.306979 2.637526 -2.315548 -1.974661 -2.626265 -2.581869 14.714123 2.188455 -1.554004 -0.343673 -0.755899 18.197060 2.607884 21.492937 1.551116 1.121034 -0.957415 1.357567 -1.429308 18.443318 18.213955 -2.197433 -2.040783 1.103663 -2.392160 19.014657 1.300524 11.536433 1.302495 -0.173810 -0.439339 3.503274 -3.394524 3.255828 -0.840992 0.065096 -0.101786 -1.562705 -1.445300 -0.050946 -1.126425 -2.430348 0.160351 -0.246349 0.156077 2.542759 1.008729 2.014384 20.986651 -5.650390 0.824806 -1.446596 13.951134 -3.048461 19.623434 -2.840576 -2.975455 20.468710 -2.232001 -0.956848 2.255582 -1.678896 0.711263 -1.875277 15.328831 -1.551292 1.150443 -2.470016 -0.321417 2.832767 1.952602 0.945626 2.635144 0.090556 1.330822 -0.883586 2.178595 -0.640577 -1.738697 1.134867 -2.103282 -0.941074 -1.401743 0.953854 -0.416303 0.809096 -2.661119 -1.253879 1.583493 -0.529256 0.389925 -0.185361 19.370657 1.939982 -1.120409 -2.444354 -1.122013 -4.150054 17.153902 0.163724 -2.412970 1.301766 -0.705017 0.892457 22.528000 -4.721281 -2.055319 -3.349340 -0.113096 1.603549 1.899611 -3.442418 0.468132 3.596688 3.094573 25.377388 -2.391476 18.721890 0.823227 -1.377827 0.878401 -0.972234 2.005015 1.218378 -0.409765 0.412907 -4.888924 -0.805425 -3.053666 13.672469 2.327337 -0.665910 1.623551 -0.917704 1.031357 18.677493 1.372893 -1.649725 2.147863 1.846643 1.658576 -1.831197 2.721530 1.604038 -4.837669 -2.348471 -0.661958 -2.147867 19.355398 0.004955 2.061936 -2.607978 3.676169 2.130670 1.675002 -4.395754 -3.362612 -2.521759 -0.986204 -2.127640 -3.799936 -0.670308 -0.038785 -1.488598 20.640747 2.961607 -1.642702 -0.208318 -4.490834 -0.335327 0.212362 3.349207 3.892963 -1.158649 1.757216 3.362221
2.262527 0.315717 -4.709683 26.778476 -2.237871 0.076342 -1.443099 -0.880221 1.674237 -3.869260 1.112751 11.575690 1.056575 -0.775790 0.269757 1.298721 -2.764159 -1.390957 -1.665414 1.413305 14.959151 1.643670 -0.138209 -1.892814 -1.518457 -1.140510 15.581185 2.068519 0.944854 -0.611252 0.164776 -0.167169 -1.116131 17.920125 -2.051015 -1.644416 -1.451449 -1.368941 0.188318 -0.295932 0.418605 15.087432 1.556500 0.615765 -0.604027 -1.794478 0.088080 1.961868 18.592259 -0.876761 0.522872 -0.327380 1.994360 0.027489 1.709037 15.689147 0.583794 -3.070785 2.133281 -2.025151 15.682867 16.547700 -1.180273 -0.276065 -0.905672 3.442845 1.975271 1.305695 0.437415 2.699991 -0.654120 -0.419632 0.472096 0.084297 0.748819 11.435327 -1.384592 1.550890 0.487797 -0.133058 -0.896341 0.717243 -0.742904 -0.280548 0.387400 -0.044663 2.048971 0.419496 1.287176 16.421881 1.972831 1.886936 -0.888710 14.957781 1.065587 0.002838 -3.003297 0.830622 1.750451 2.625632 -0.961832 1.344568 -0.840467 14.858014 0.407390 1.241825 0.615272 0.665311 -2.446199 0.112869 13.640703 1.453255 1.216701 0.133996 -1.031299 20.033969 0.396819 13.482112 11.773406 17.112998 -2.901583 -1.233094 -1.599231 0.904186 0.520897 1.763380 1.012728 -0.381459 -0.176086 0.319731 0.657573 2.344596 -0.842135 -3.287096 0.210965 -0.324370 -1.107527 0.897746 -1.668438 -2.790490 3.888587 0.243143 2.041456 -0.458910 -1.811534 0.050680 -0.202962 1.619536 13.158288 -0.924796 -1.301418 1.224047 -1.542802 2.241680 0.240918 -1.205375 -1.049130 0.518824 -1.509701 0.163860 -1.574418 2.591596 -2.111558 -0.841926 -0.345260 -1.405606 0.306016 1.247770 1.045960 0.917124 -2.401584 -2.075493 2.606329 -1.326316 14.475554 2.349125 -2.023589 1.460794 -0.233680 -0.600029 -2.195054 -0.319790 1.553173 13.548296 -1.506954 0.580217 -0.933069 -0.895360 -0.050740 -0.395164 -0.247530 0.613118 -2.737103 9.866022 17.820730 -0.880958 15.938838 1.473412 -2.296261 1.114946
-1.330121 0.899657 -0.047506 -2.237871 39.068425 0.486782 -3.473691 14.680500 -1.772344 3.092328 -2.096626 -1.241360 16.175387 14.889886 13.164778 0.348824 0.020511 1.160387 0.976817 2.223839 -1.376450 -0.523936 2.604219 -0.407126 -0.100150 1.021725 -2.324428 19.164373 1.521665 3.927360 -1.922647 -2.709449 0.068554 4.204169 -1.466731 1.683620 -1.648503 -1.900380 -0.194185 -4.135339 21.261459 -0.237719 0.787042 1.673844 -0.971299 17.058818 -0.250568 -0.508276 -2.186149 -2.682784 -0.851970 -0.336252 18.579713 -0.321154 -1.897169 2.714929 -3.085372 18.190716 -4.080486 19.212483 0.653842 2.031026 1.336134 -4.094415 -2.488704 1.249453 17.228480 -1.454116 -5.808910 -0.731173 0.848234 1.824567 -4.673527 -0.872704 2.365015 -0.281513 0.713904 3.320580 -2.096981 -0.750440 -1.201912 1.303739 -1.028445 15.140855 2.133784 -1.858844 0.680493 -0.210856 -0.234872 -1.546593 -0.514656 1.753858 1.982234 0.268948 -0.558962 -1.806160 -3.849032 -3.461792 0.941205 -2.361161 -3.285755 -2.306422 -0.268376 -0.570447 2.213262 -0.168554 -0.616253 -1.988240 1.071681 -2.025275 1.944144 14.963810 -1.686429 -0.949626 -2.268933 -3.625032 -1.323028 -1.914838 5.147428 -0.111541 1.659847 20.113413 2.140084 -1.975689 -2.475108 -1.415128 -0.694083 13.115022 0.083785 2.052601 -1.439033 -0.768808 -1.176867 0.680841 -1.415505 0.456747 -0.296330 -1.012686 16.254447 1.624124 -0.917463 1.296611 2.788162 17.586161 15.645433 -2.422117 -2.426336 -3.422588 1.640892 -1.617397 -2.177735 1.107011 0.816683 1.414148 -1.608156 1.060106 1.669932 -0.419152 19.115117 1.579361 4.314345 -2.262255 -0.539914 -0.272843 -1.030920 0.152025 1.757223 -0.342006 17.858975 -0.693772 -0.422765 -0.144120 -2.887536 16.458753 1.169764 2.062280 2.952079 -0.921120 12.025951 1.075330 -1.251329 0.564545 1.992089 2.735331 1.019795 1.637284 1.791427 0.244416 -0.013064 -1.294094 1.138401 -0.886678 -2.270557 -3.874656 0.016076 -0.018335 1.103137 19.735442 0.267929 17.576375
-1.364926 0.129100 -1.088411 0.076342 0.486782 33.700157 -1.021332 1.439668 -0.180725 -0.726286 2.750316 -1.489050 -1.617418 0.024783 -0.511072 13.387344 -0.380094 -0.166202 -0.744363 2.143125 0.857470 19.337424 -2.938906 4.303035 0.809816 -0.205583 -0.954387 -0.867996 0.280356 -0.225792 1.292452 1.177361 -1.204786 -1.089797 1.586772 3.678417 18.437242 2.210227 1.393967 0.077279 -0.786565 -0.944777 -0.286844 -0.539924 -1.727542 -2.501348 14.951759 0.168650 -0.072613 -1.443149 -0.522791 -1.254711 -1.236800 -3.438488 -1.455968 0.810184 0.634820 1.936704 -1.012553 0.316249 -1.996448 2.898931 13.636705 -0.833460 -1.364291 14.639298 -1.963218 14.191530 -1.771992 2.812988 0.303148 -1.897830 -3.003869 -0.093800 15.167243 0.338375 0.512943 -0.286600 3.538080 0.594117 0.825545 -4.268200 -2.122718 0.388540 -1.625298 4.886274 -2.197853 0.210022 0.304088 0.235706 15.078393 0.523500 3.365706 3.100283 -3.385858 0.457773 0.037194 17.653446 1.522322 -1.837064 14.868029 -0.909292 0.924431 2.481337 13.876727 2.954077 2.029444 0.899611 1.196931 -0.816531 -0.325029 0.435446 0.219757 0.674759 -1.437015 -1.837689 -2.142189 0.249834 2.798245 1.634777 16.488222 -0.700159 -0.581621 -1.939301 -0.523465 20.788733 14.253092 0.502543 -0.972881 0.862415 18.493095 -2.069861 0.215567 0.788800 13.089855 0.427020 -1.253897 -0.738973 -2.314441 -2.610520 0.533197 -3.668186 -1.791901 0.873222 1.856521 0.232817 0.323193 2.138375 -0.630965 -0.141613 1.450502 1.171479 -3.767822 -2.107240 0.025560 -0.576173 1.689937 -0.840150 2.265052 -1.100354 -1.805476 -2.264653 -0.219322 -1.590268 15.260946 0.650709 2.102063 2.843968 1.400204 -1.211096 -0.127908 1.421465 0.380789 1.069007 0.006359 20.762884 17.698457 2.012819 1.995264 18.213408 2.027372 0.970759 0.246095 3.287252 -0.382166 1.722201 -1.906186 0.091658 3.444425 12.662930 0.725941 13.654668 0.289556 -0.029507 -0.507053 0.605089 -1.537519 -0.617175 18.402145 0.816110
2.597920 2.191514 2.346927 -1.443099 -3.473691 -1.021332 51.860320 0.965390 0.600395 17.511166 1.479720 -1.917081 1.899249 -0.891952 2.871924 1.933897 24.126121 -1.177451 19.741106 3.770819 2.446548 -5.281141 22.551679 -1.511444 18.696640 0.147831 -1.797845 1.158902 -1.308374 -2.403189 -0.886859 19.513552 15.317776 0.135158 21.244545 0.643065 -1.039855 4.594392 -1.650454 16.305880 3.119640 6.416546 1.480053 0.054761 0.621094 -1.112861 0.100470 0.762731 -4.072893 -0.731150 22.716883 0.084225 -1.512792 0.756882 -1.322566 -2.426506 0.771226 -1.993561 -2.871514 2.989374 0.707612 2.235223 0.278404 -0.714860 -2.074118 0.199802 -1.729019 2.087542 18.998463 0.258765 -0.668644 0.326894 -2.308941 -0.733329 -3.687633 -1.852450 3.951533 2.511028 5.512297 3.129327 0.040975 -0.668271 1.223413 2.782916 -2.873535 -1.367104 0.142255 17.902389 2.105585 -0.192899 4.930556 -1.461630 -3.250492 3.303722 19.157835 -0.951938 5.519512 0.255001 1.198607 1.612756 0.983283 21.182404 1.318935 1.317922 0.100043 0.765663 1.884120 3.513571 -2.671929 16.399624 -2.097022 -4.774637 -0.095849 -0.840173 -0.565263 -3.262448 3.465976 3.006199 -1.135537 2.943053 4.651856 -1.103042 0.992468 -2.187968 -0.473951 -1.753061 -0.897808 -0.832489 -0.335015 -3.830388 -2.022614 0.572702 2.574792 0.768213 -2.355439 20.637472 0.892902 1.628361 -1.369707 2.711633 -3.097351 -2.359032 17.026302 1.605194 -3.065116 -2.946557 -1.297400 0.822246 4.391156 2.098673 17.016782 -3.293571 -0.207401 -1.241552 1.484175 -2.593807 17.088144 -1.078863 0.728920 1.122328 2.963420 -3.400373 20.793796 0.709165 -0.724164 18.251637 -0.888764 -0.257292 -0.163113 1.867120 0.969465 14.405433 -0.542556 0.224655 0.878882 -6.256139 -5.054083 -3.521584 -0.987969 -1.769885 -2.102798 13.816739 -1.343168 -0.900540 -2.023558 0.231652 -0.416958 -0.204127 -0.472678 -0.497482 -1.772008 -1.044988 -2.740878 1.877504 1.273730 13.662655 0.249298 -2.169186 -1.436403 -2.687435
-0.167468 -0.263485 -0.592489 -0.880221 14.680500 1.439668 0.965390 31.385526 1.266096 7.647964 -0.167414 -0.911201 14.160385 13.146009 12.785342 0.759289 -0.322233 -0.852602 0.851467 0.609496 1.000798 0.694119 1.830353 1.508208 -0.823290 -0.919185 -1.702050 14.434954 -2.743152 -2.072409 1.540721 1.724362 0.979812 -1.696391 -1.343851 -0.723711 0.993804 -1.090494 2.664501 -1.141068 18.147461 0.125595 0.223370 -0.413975 -1.290812 12.787895 0.824024 0.480589 -1.008376 -0.307875 1.081375 -1.199519 16.256785 3.352951 -1.011395 2.500272 -2.013739 16.316207 1.907972 17.482940 0.617607 0.978015 -0.627373 1.270156 -1.540328 -1.319058 15.407125 1.303425 0.532173 -3.271762 -0.210656 -2.606820 1.607149 1.424498 -0.325412 -0.060895 -2.229905 0.057067 0.055636 3.179252 2.515751 -2.866003 1.362718 12.784580 0.110433 -0.546384 0.595462 1.114139 2.355464 2.154357 2.436034 0.362282 -3.830355 3.129340 3.776815 -0.810740 -2.490223 0.634773 -1.247351 -1.779098 -0.407467 2.790691 2.326250 1.083304 1.833673 -2.790009 1.005315 4.214935 -1.745840 -1.494135 -0.222526 13.549954 -1.885021 -1.030066 1.190536 -2.013689 -2.091997 1.562010 2.785441 3.258503 -0.188408 14.710687 -4.648821 -2.211559 -1.059913 3.394462 1.908623 11.615507 -0.590651 0.067130 1.938339 2.082237 -1.750292 -1.959908 1.528211 1.367848 -2.004538 4.178318 12.991132 1.214354 2.429095 2.966969 -2.048501 12.912284 16.284562 -2.099378 3.155341 -1.292756 -0.367771 -2.579871 0.724534 -0.881759 0.625312 0.031817 3.231984 -0.509513 -1.670221 0.161968 16.181091 0.438132 -2.097791 -2.968129 0.942097 1.200564 2.728394 -2.359523 0.341854 1.048947 16.451580 0.294568 -0.972550 2.399938 -0.404398 19.578102 0.076950 4.054728 2.784900 -0.607754 9.983107 3.817546 -2.060737 1.388812 1.599266 -0.633573 1.563630 0.252190 -0.398769 -1.300692 -1.618045 1.349871 -0.562043 -0.657264 -2.469978 -1.044665 -3.212025 -0.833458 0.652556 18.287605 -2.528502 12.873391
-0.132871 1.448862 -1.438466 1.674237 -1.772344 -0.180725 0.600395 1.266096 27.742670 -0.957456 0.327246 -1.136716 -0.875178 -1.560564 0.050304 1.431081 -1.210139 16.214597 0.253830 1.716585 -0.167166 1.376359 1.672862 14.068715 0.850546 10.608577 0.820265 1.597432 1.972639 4.926212 -1.660441 1.482969 -0.351932 -0.723788 -4.548880 -0.198211 -1.249149 -2.254409 2.847045 2.019452 -3.805040 1.290521 -1.295190 -1.090698 -0.710098 -0.789125 0.485730 0.772967 -1.661387 -0.090724 1.280753 -1.406072 0.794322 1.090945 2.971619 -0.466310 15.739292 0.695569 2.774578 0.214645 1.050867 0.927020 -2.442684 1.002120 16.165983 3.135141 2.338594 2.212708 -1.656562 1.450116 13.228409 1.913197 0.385761 0.351621 1.333459 0.355797 -0.866475 -0.219806 0.953065 0.161179 18.589702 0.759111 11.665748 -0.947361 0.251519 15.243507 -3.435754 2.862162 1.162800 -0.465492 -0.790314 -1.168949 -0.748526 0.018887 -0.658682 0.181121 16.846838 -1.297667 4.120019 19.000609 -0.026772 0.109509 -1.185849 -0.363242 -0.539219 -0.196094 -1.772560 0.062591 17.483424 1.423138 -1.744956 0.393535 0.671763 1.457224 10.659599 0.608232 -0.140439 1.053520 -0.620193 1.413026 1.546494 -1.368458 1.345858 0.060403 -0.897521 -0.857871 -1.009039 -0.176399 0.822440 -0.883733 -0.344349 -1.204189 15.832158 14.639119 0.304348 0.904120 14.607110 1.209664 0.865830 0.269323 3.124292 2.731366 -0.922648 -0.134482 0.865832 1.506978 12.113288 0.890273 2.371453 -1.410118 -0.928922 2.936913 -2.003843 1.579531 17.572181 0.270193 -0.796881 2.061440 1.347210 2.504369 0.673237 2.529945 1.156846 12.703021 0.888562 2.888537 -3.442765 17.263245 1.689012 0.912970 13.700372 1.272695 -0.475535 -3.474271 -0.913278 -0.560558 -0.292574 1.128664 0.470531 2.951091 0.645253 0.177014 1.323455 -0.251568 13.652333 2.087405 1.079480 12.798900 -1.680974 -0.895951 0.306253 2.402981 17.235787 0.963832 1.277145 -1.159347 -1.013543 -0.084581 -2.503671 -1.282344
-1.350828 -0.132503 2.301941 -3.869260 3.092328 -0.726286 17.511166 7.647964 -0.957456 61.699424 0.359998 2.202377 -1.837736 1.483164 0.237490 -0.264886 26.572485 -2.209806 17.336312 -0.658925 -3.105284 -4.486011 21.585924 1.223225 17.197172 0.585219 -2.540654 -2.282034 -0.594339 3.757689 -1.529694 23.171865 17.715804 3.361480 22.167752 -4.268475 1.068025 -2.679262 3.729524 16.110157 0.818106 2.108864 -0.993001 -0.201263 -4.706862 0.566226 -2.172380 1.561264 -4.736432 4.170027 18.089438 -0.566740 -0.022251 3.947398 0.033194 -0.855500 -1.059188 -0.131407 -3.405901 -0.123378 -2.940153 0.252623 -1.520876 -1.036396 -5.179910 -4.001505 6.066560 3.155176 18.752267 -0.084923 0.914876 1.195276 4.721853 -0.470279 -3.060693 -0.264457 -1.144800 1.538807 -0.327678 5.673159 -1.933929 0.693218 -4.171897 -0.313291 0.522774 -0.971345 2.801021 22.080275 -0.129869 1.984030 -0.274893 0.855394 -2.143524 1.917746 24.003953 2.446371 0.055663 1.370738 -2.114571 -3.282391 0.926863 27.350232 -3.971850 0.027495 -1.038481 3.818535 2.089020 6.158246 -2.187363 14.319139 1.836288 2.267516 1.110431 3.002669 -0.125929 -1.462407 -3.015313 -4.468239 2.443811 -2.938035 2.317413 4.871535 3.063794 -0.377744 -0.973468 0.979060 -3.881512 2.672295 1.794227 -2.355959 1.519223 3.622503 -2.591088 -1.053739 -1.621447 21.093063 1.169215 4.020483 1.229638 3.611616 1.681633 0.555084 18.970072 1.808147 0.402426 -2.083504 -0.675910 0.319730 -3.028591 -0.861981 20.132573 1.328704 1.280371 -0.470134 -4.776861 -1.875901 20.649269 0.387311 -2.473846 -0.473278 -2.568255 -1.656148 17.377977 -2.321636 -0.386847 21.702063 -1.814098 0.926022 -2.800028 0.205134 -1.192958 20.746189 -1.702415 -0.926624 -3.595133 1.141443 0.275081 -6.403749 -2.529972 3.378880 3.002656 16.649419 -0.437007 0.258249 0.854493 -0.619915 1.649737 -1.828794 -0.217397 0.331133 0.282563 1.119798 0.859153 -4.259648 -3.116583 23.487892 5.463582 2.401205 -6.294477 -1.322532
-1.982015 22.100885 18.262963 1.112751 -2.096626 2.750316 1.479720 -0.167414 0.327246 0.359998 46.983574 -0.971400 0.129050 -1.791165 0.661192 -0.428814 -0.737879 -1.016085 5.333939 17.465251 0.398659 -0.663897 1.626280 0.480751 -0.551317 1.825626 -0.795746 -1.231071 2.542126 2.544626 13.952067 -0.363943 -1.080844 -1.702041 0.413517 17.713760 2.870227 23.128682 2.239253 2.557557 -4.297478 -0.323491 -1.191470 21.364033 16.584789 3.248228 2.070171 -1.531691 1.555129 15.898147 -0.620881 15.942668 1.854741 -1.811956 -3.003416 3.377263 2.341229 -3.214288 0.193937 -2.793372 -1.911369 1.294680 3.101679 -1.068678 -2.241703 -0.138719 -1.593968 -2.620781 0.149451 -1.335828 -1.009815 -3.044383 23.519087 -1.163646 1.945460 -1.276613 14.676370 -4.035906 22.107746 -0.631364 2.482036 22.046888 4.399722 -1.797679 0.008535 4.425137 0.493456 0.875409 16.100904 -1.185858 -0.993329 0.809301 3.398059 -0.309070 0.704977 1.954668 2.204646 -0.368085 6.270023 2.825526 1.580270 -0.642907 0.378861 2.848178 3.338201 2.376420 1.469974 -0.440133 -1.339577 -3.553913 1.600658 -0.644204 -3.003306 -2.903735 0.084927 1.486221 23.123583 3.588817 -1.006511 2.549857 3.113496 0.594791 18.521116 -0.703383 -3.518064 2.364259 1.368014 -2.128781 19.725008 0.321174 0.716541 -2.392279 -1.641062 -0.828507 -2.721195 -4.253668 2.200428 5.063740 2.178603 19.783908 -1.445814 21.915171 1.943937 -0.154085 0.846064 -2.404859 1.922631 0.862678 2.481806 0.715356 -0.924654 1.364474 3.420077 16.523786 4.970412 0.768816 -2.167486 -2.374420 -4.524236 17.959605 -5.269795 -3.154990 2.333388 1.916755 2.915489 -1.940244 -4.087928 1.861698 3.316759 -1.314308 -0.266225 2.765158 19.857850 1.847975 -2.995333 -2.241112 -0.702792 -0.150976 2.180526 0.909992 -2.086327 1.631729 -1.999863 0.788240 3.295714 1.239866 -0.235705 0.739278 22.458499 -0.710105 0.794337 3.484937 -0.889604 -1.358109 1.802099 -0.126413 0.668168 -2.291495 1.367286 -0.707637
-0.082860 -0.586879 1.732534 11.575690 -1.241360 -1.489050 -1.917081 -0.911201 -1.136716 2.202377 -0.971400 28.041701 1.670576 -1.897509 2.539571 0.573316 -0.114200 -1.167498 -0.565289 3.926590 13.756825 0.564321 -2.167983 1.162911 -2.356043 -0.471863 15.993183 -0.264401 -4.104870 -1.264102 0.431259 0.035066 -1.294628 13.410712 -1.035574 0.021465 -0.682782 1.422207 1.679924 2.381132 0.970509 15.359054 0.641221 -0.005698 0.375749 0.004393 1.073537 1.305916 19.601258 0.517118 -0.461658 -0.902724 1.423072 0.607241 -1.673405 17.927387 -0.528825 -0.609121 -0.993110 2.100477 13.673655 17.018354 0.332138 -1.358617 -1.071649 0.754453 2.836689 1.832529 3.537705 -2.116664 0.436133 1.685864 1.592934 -0.111004 0.258978 13.579551 0.050062 -0.162705 0.925356 -2.527666 -3.956748 2.705465 -0.304207 0.896322 0.097442 0.594689 -2.291400 0.580015 -0.887753 16.350580 0.039045 -1.600288 0.392988 11.728231 -1.631480 1.143764 3.852431 2.661126 -0.591532 -2.454786 1.910407 -0.411300 0.116436 13.690240 -0.389597 -0.337916 0.962330 -1.060807 0.458658 -0.268581 11.328338 0.770345 1.692824 -2.238549 0.448547 14.975677 2.397800 14.336335 11.552543 15.896170 1.763439 1.588944 0.598967 3.508269 1.818407 0.760762 -1.641116 0.260567 2.711429 0.459386 -1.594822 -1.280127 -0.411633 -2.137501 0.979815 -1.239025 0.820945 -0.861505 1.451459 -3.197625 1.754084 -0.961944 2.128133 -0.475893 2.156540 -1.951204 1.679409 0.447837 15.963786 0.868129 0.746347 -0.292915 -1.257461 -0.382215 0.445709 -0.183393 0.039489 1.271796 5.234925 0.198738 1.773800 -1.048782 -0.039773 -0.569578 -0.203477 -0.019383 -0.695329 -0.712376 -0.980133 -1.742298 -0.182559 0.186754 -1.380818 -1.211757 11.554183 -0.706008 -1.559050 0.057894 1.081428 2.649100 1.624214 -1.365696 -0.669223 11.860363 0.731924 -0.371450 1.199416 -0.563491 -1.422234 -1.436780 0.161994 1.393026 -1.367072 10.481713 12.623827 1.509057 17.302899 2.401669 0.771393 -0.327430
-2.548398 2.902224 0.662773 1.056575 16.175387 -1.617418 1.899249 14.160385 -0.875178 -1.837736 0.129050 1.670576 53.182980 14.939550 18.778139 -1.094272 -1.870398 -3.951820 0.229714 0.376865 -0.837793 -3.849414 1.592964 0.116546 -0.351606 2.822108 1.105661 22.967949 0.963452 -0.893636 -0.691181 -2.496449 -0.019884 -3.721977 -0.933769 -0.048541 -0.664122 -0.854188 -4.599570 -1.883717 25.128255 0.063919 0.068413 1.838898 0.548110 19.056698 -3.972125 -0.194757 -1.574682 -2.249522 -1.363163 2.774653 23.795991 1.689502 3.925673 -0.763682 1.750086 19.408370 0.537421 21.184636 -1.915780 -1.317105 1.152423 3.946220 -3.490111 -1.791800 22.569971 1.403650 4.258799 -3.267845 1.757337 -0.130671 -1.415090 -0.944249 -0.744083 0.689243 4.068542 0.053369 -2.516258 -1.041140 3.540077 -0.005140 -1.338094 18.271523 -0.306429 1.347716 -2.592281 -1.787643 -1.123244 3.335252 2.720794 0.014346 -0.382502 0.454920 -0.141221 0.708459 3.726421 -3.754335 1.300943 0.327041 0.892548 2.826088 -0.051758 -0.179086 1.437321 -2.468696 -0.010022 -2.924474 -2.628500 -0.608354 2.556961 23.602065 1.318281 -2.012627 -3.858113 1.250259 2.868311 -2.616222 -0.183380 -0.547743 0.222623 22.379665 -0.620722 -0.667876 4.045332 -2.062887 -2.947936 15.280054 -6.405650 3.366032 -2.300501 1.363003 -0.724822 -2.766032 2.938186 4.051350 -1.992365 1.714413 18.210896 2.698614 -0.022906 -0.123945 2.332160 16.781535 21.840547 0.441258 1.975621 -0.624476 -1.581860 -0.655582 -3.738011 -0.391691 0.266766 1.335450 0.886215 -1.864791 1.570173 -1.734693 23.646641 0.289701 -1.177981 0.568128 0.906678 1.020541 -0.976093 -1.570205 2.818270 -1.762801 17.914799 -2.412522 0.322549 1.222363 0.871715 23.643233 0.946583 -1.763498 0.063485 -2.000562 14.563281 0.417229 -6.106364 1.259416 0.601513 2.303521 1.509094 -0.601393 0.011958 1.473942 -0.053747 -1.848585 1.328890 1.520917 -2.754164 0.100081 1.826180 -2.142430 -3.037369 24.654970 -0.309286 19.420697
-0.113549 0.219211 0.358640 -0.775790 14.889886 0.024783 -0.891952 13.146009 -1.560564 1.483164 -1.791165 -1.897509 14.939550 31.179635 12.495963 -2.880782 -0.016876 2.501032 1.548220 -1.314698 -1.227083 -3.846487 0.332087 0.817951 -0.909715 2.827048 -0.022413 13.549496 1.360617 -1.324817 -2.035494 -1.489229 1.438105 0.022108 1.797433 -1.540236 1.066209 -3.696380 1.186349 -2.738800 14.977845 -1.808505 -2.026781 0.290994 2.492059 13.810980 -1.897298 0.595646 -2.514278 -2.339797 3.168146 1.060970 14.778478 0.302603 0.414042 -0.975506 2.121680 16.167723 4.076164 15.161947 0.058551 -0.777942 -0.758702 -2.208700 -3.181629 -2.181551 15.585750 2.354696 0.037501 0.637398 1.685256 -0.767243 -1.143711 1.700270 1.377987 2.016134 -2.004209 -1.130674 -0.331732 -0.504858 -1.220948 -1.192696 2.762817 15.324000 -1.943534 2.969706 -1.555191 -0.162002 -0.252517 -0.145850 0.329530 0.868279 -3.728190 2.728906 -1.961403 0.069452 -0.556508 1.545771 1.858309 -1.113806 0.825209 -1.040991 -1.733309 -1.072413 -3.274911 0.590576 -3.403098 0.373644 -0.906067 -1.526925 -0.869470 17.743561 0.957732 -0.307607 0.021735 -2.746606 -0.424509 0.028649 0.206355 -3.016993 -1.565483 14.292530 2.490684 0.401240 -1.368923 -1.922695 -1.652288 15.420185 3.637827 -1.962753 -0.892574 1.993068 1.806318 0.779232 -0.932182 3.810562 -0.681572 -1.802405 13.251006 -1.283344 2.640527 2.007234 -1.144338 14.288691 15.482682 1.668328 -0.042555 -3.982333 -2.486317 0.054678 1.809154 0.057345 -0.034299 0.364426 2.353556 1.781911 -1.407922 -3.666456 17.089843 2.579775 -2.174687 -1.959575 0.442333 -0.550366 -4.764602 3.079087 0.994942 1.004287 14.905758 0.548189 0.417496 1.541750 3.314259 18.914445 1.841695 -0.003311 -0.410860 1.561921 11.741345 -0.095909 2.693962 -0.934198 0.818011 4.168479 1.036424 0.469498 -2.305126 1.082719 -1.062205 -0.653796 0.879395 -1.502049 -1.006125 -1.549144 0.488365 1.392967 1.436901 15.053887 4.960259 15.449878
-0.390682 -0.499220 -1.865544 0.269757 13.164778 -0.511072 2.871924 12.785342 0.050304 0.237490 0.661192 2.539571 18.778139 12.495963 34.760971 1.116101 -2.190647 -0.544436 2.481691 2.624046 1.697103 -1.820901 4.192986 -3.282318 0.082715 1.667702 0.729926 17.587537 -0.816138 1.965845 -1.220554 -1.151213 -0.194347 -4.095510 -0.113015 0.076791 -0.969381 -2.505847 0.391069 0.020451 20.308546 0.024043 2.330836 -2.024060 -1.047904 12.667320 1.867036 0.223009 -1.104091 0.123550 2.507858 -0.112123 20.096591 -1.147146 0.145055 1.328526 -1.291379 18.416815 0.452496 16.542870 1.559976 -1.024547 0.813265 0.170695 -2.797197 -0.225304 15.718197 1.912655 2.781487 -3.402746 -0.376950 1.633957 1.568213 -1.692894 -0.255343 1.177576 0.165178 2.828074 0.333116 1.110390 3.687565 0.566586 -2.039375 12.709249 -0.747911 2.940025 0.930236 0.293495 -2.000492 -3.623535 -0.532810 -1.287195 -4.033980 1.598233 -0.776439 0.966860 -0.947259 -0.243003 -1.666263 2.798650 0.753775 -1.053281 -0.559639 -1.098515 0.356895 3.046380 -1.394300 3.110610 2.194833 0.182919 -3.076535 15.649723 -1.741738 -0.283990 1.425367 -1.838600 -4.521714 -1.576012 1.377470 0.156146 3.570127 17.013793 1.491348 2.046869 1.564194 0.565223 0.400694 12.188338 -3.933342 1.038360 -0.740343 4.323474 -0.967233 -1.950646 -1.649345 1.662839 2.321084 2.978486 12.948677 1.825696 -1.316388 2.239871 -0.697328 11.420096 18.442828 0.064558 -0.220751 -1.648192 1.729712 1.380068 -0.517894 -0.471739 -1.363958 0.241187 1.680123 -0.245147 1.890598 -0.762955 16.792384 0.581315 -2.006808 -1.385418 1.157447 1.800383 1.552638 -1.851660 -4.561315 1.695269 16.116334 -2.175316 2.386261 -1.760850 0.712014 16.746059 1.568944 -1.701261 -4.176085 1.108250 11.519741 0.747938 -0.338507 -1.022585 -3.132916 -1.636217 1.814694 -2.402717 -1.292962 1.798666 -1.167101 -3.156551 1.310581 -2.248375 -0.920600 -2.243234 0.493833 -2.001128 0.509555 16.246004 0.115374 12.979979
2.659380 -0.408418 1.062369 1.298721 0.348824 13.387344 1.933897 0.759289 1.431081 -0.264886 -0.428814 0.573316 -1.094272 -2.880782 1.116101 36.446003 0.777191 1.510308 2.528134 2.463036 -1.506077 18.291001 -1.157719 3.366911 1.471159 1.389919 1.401081 0.564216 0.150327 -0.055947 0.731397 -1.338903 -0.842732 1.007923 -0.793387 4.054917 16.835575 1.325806 -0.247156 -1.563579 -0.871129 1.108302 0.393610 -1.288239 1.124517 1.091485 13.807312 0.970884 0.559253 -0.713864 1.531375 2.719160 -1.063727 2.603465 -0.645146 0.447448 1.137791 0.397106 0.769615 -0.291272 1.065492 2.407522 10.113351 -0.755854 2.691290 18.881323 -0.164927 18.120748 3.153806 -0.906719 0.590665 3.445197 -0.044994 0.710908 15.634351 -0.122990 2.905336 -0.133594 -0.975876 -0.808366 1.693414 0.080344 -1.992463 -1.728703 -0.009215 -2.997733 4.990996 -0.782153 -0.620156 -2.181242 18.433807 -0.282028 1.434671 0.351622 0.733022 0.367331 -3.411489 24.122437 -1.877612 -1.873749 16.673641 0.536222 -3.396432 2.053544 15.667342 -1.807477 2.327802 2.188627 1.696013 3.791570 1.834136 -3.454821 0.130988 0.742128 -0.075458 2.301494 0.511492 0.705587 -0.958701 2.243628 16.738579 -2.247029 2.043043 -0.047111 1.746315 23.275101 11.799453 -0.600997 0.348054 -0.837088 19.721779 -1.073190 -2.696336 -2.477592 13.141932 1.993437 2.019815 1.678232 -0.333702 4.585230 0.480718 -0.538353 -0.483871 0.421552 -3.411214 -1.611553 -0.125347 -2.990473 2.582018 1.367299 2.064128 1.828613 -1.331379 0.342257 1.009038 -0.980162 0.816152 -0.592054 5.335808 1.571936 0.203484 3.236191 0.177339 -1.571171 16.208001 -0.347018 1.004353 -2.945343 -1.795015 1.951887 0.975813 1.745151 2.211418 -3.335372 0.122117 18.276669 16.562068 -1.219829 0.080141 18.020151 0.758277 -0.686715 -1.596798 -0.922966 1.577284 -0.422053 1.610132 -1.486401 -2.576350 14.814271 -1.055414 12.372985 -0.995676 1.137945 1.552930 0.349705 -1.693823 -3.141991 17.724928 -2.654030
-0.797271 0.563088 -1.172583 -2.764159 0.020511 -0.380094 24.126121 -0.322233 -1.210139 26.572485 -0.737879 -0.114200 -1.870398 -0.016876 -2.190647 0.777191 52.167818 2.543272 15.295118 -0.146590 -3.040651 -0.701448 17.647241 -1.701716 18.190925 2.613144 1.317065 -0.308532 4.352049 1.591508 0.276662 19.671053 17.729893 -1.055023 19.070939 -0.435063 -1.562832 0.129719 -0.337508 16.466943 2.848567 1.360243 1.550347 4.431156 2.316236 0.169557 -1.253767 -0.802308 1.433087 -0.155409 16.666455 -1.362315 2.566819 0.965476 0.301567 0.145251 1.580987 3.956813 -2.216779 1.902650 -1.972391 0.926359 -0.116764 -0.032381 -0.131761 -1.005708 1.933179 2.079981 20.703551 0.228120 2.301720 2.411253 0.662034 -0.591216 0.285224 0.353488 -0.374895 -1.885573 2.415556 3.717183 -0.106106 2.935200 0.362181 3.588209 -4.940666 0.803798 -1.483423 26.482756 0.379262 0.647597 -4.561489 -1.357879 3.142836 -2.406726 20.830701 1.576800 3.313958 4.111541 1.193587 3.167941 0.201309 23.288771 1.054710 4.570279 0.162987 -0.727151 2.992751 -0.660702 -3.515632 18.236395 3.719930 -4.251965 0.601875 2.359831 -0.694585 -0.615103 3.661976 -1.690310 3.495659 0.928996 -1.827069 3.859796 -1.473582 1.376009 0.661337 -2.002413 -0.545993 -1.847591 0.453803 -3.250516 0.060329 2.172047 -0.116671 2.296214 2.601550 23.656522 1.741844 -3.636017 -4.652294 5.698559 -1.822693 -5.615779 13.396604 2.134150 -1.045360 0.333758 0.871320 -1.118039 0.635150 1.757856 23.186095 0.160049 3.027235 0.771008 0.056107 0.078146 14.969921 1.500652 -2.361907 2.391311 2.539925 -5.083221 21.955893 0.357994 1.028965 23.426374 3.839855 1.945029 -1.144497 2.089567 1.330912 20.108008 0.191440 0.343865 2.058699 2.560226 -1.695106 1.555637 -1.242012 0.031247 2.029642 15.700705 -1.779783 -2.082425 1.708367 1.082401 -0.346588 -0.078802 4.343556 1.394406 -2.082741 0.208772 -1.432201 -0.918119 3.505324 17.658237 2.069928 3.165213 1.111193 2.809060
-1.403305 -0.648008 -1.911263 -1.390957 1.160387 -0.166202 -1.177451 -0.852602 16.214597 -2.209806 -1.016085 -1.167498 -3.951820 2.501032 -0.544436 1.510308 2.543272 43.106299 0.193109 -1.023565 -0.134644 -3.652873 2.482845 21.396219 -3.750447 16.060529 0.097210 -0.976270 -0.153488 2.841980 -1.386678 -2.999161 -0.578333 -4.977721 3.467564 0.026775 -0.459693 -2.892728 -1.147106 0.364135 0.364828 -3.532759 0.383211 -1.009799 -0.501362 -1.925578 -0.633699 1.128922 -2.212939 2.201956 1.842833 1.314469 -2.861403 -0.494692 0.961630 2.683751 18.362701 1.443111 -0.897892 0.872152 0.294662 4.003104 1.119019 1.508021 23.097324 3.348040 0.453690 -0.527434 1.315229 -0.206742 16.290120 2.299546 -2.607908 -2.461167 0.583370 -0.272255 -0.243945 1.207202 -1.139719 2.001357 20.629431 -1.739175 17.938976 -1.137677 -2.940420 18.082019 -2.029858 0.301603 1.079988 2.012278 -1.346558 -1.409542 -1.580258 -0.459963 -1.323328 0.402540 19.002825 -1.396328 -1.877182 19.924209 -0.294051 -4.385247 -0.787696 -0.516009 0.364507 -0.512672 4.552847 -0.054927 21.842259 0.706612 -2.514616 -3.969488 -0.897653 0.822231 15.318478 0.397767 -0.491572 2.387060 -0.265292 -2.364528 -2.127510 -0.318930 0.415056 3.455367 -0.124231 -3.251185 1.368136 -2.554369 0.362465 -3.893409 -1.115040 3.268545 20.915374 17.989322 -0.782441 1.081172 16.223294 2.030948 0.880636 -3.456509 -0.439752 -0.353481 1.459885 -0.334805 0.277439 -3.180243 15.161054 -2.288155 -2.355138 -1.684725 1.732701 -0.245178 0.217432 1.598357 20.510559 1.317415 -0.243802 -1.286590 -0.769249 1.171028 -0.008545 -2.227770 1.204215 11.797282 -2.855910 3.639647 -1.101219 19.712289 -0.281685 1.286653 13.944643 -0.183889 2.807594 -0.802757 -2.344991 0.487811 0.206715 -1.509304 -0.632127 -2.881392 -2.536435 0.384438 -0.081148 -1.553624 20.419404 2.269055 -0.498772 19.215560 0.188518 -0.150641 1.407295 3.635020 23.253692 -0.144863 -2.282450 0.500349 -1.080455 -3.305109 1.144229 1.789687
-0.656603 0.458848 0.680201 -1.665414 0.976817 -0.744363 19.741106 0.851467 0.253830 17.336312 5.333939 -0.565289 0.229714 1.548220 2.481691 2.528134 15.295118 0.193109 33.387424 2.340700 -1.080217 1.808401 15.464163 0.644202 14.032407 0.941659 -1.177974 1.649311 1.128144 1.335051 -0.763693 14.878044 13.448325 -2.633392 16.150642 -1.013687 0.115424 -0.044118 1.346222 11.144751 2.525948 -0.127332 -3.148138 -1.279185 -0.011154 0.529925 -0.489941 -1.024149 -2.566793 -1.875462 12.729334 0.667785 -2.242040 -1.293150 -0.527610 -1.286122 2.100111 0.144739 -3.267855 -3.115533 -1.221543 2.295255 2.498713 -1.639185 1.958620 1.425861 -0.256761 0.429699 14.168352 0.989596 0.310207 -3.677203 1.192470 0.305490 2.717759 0.008098 4.235681 1.863175 0.681884 -4.172024 -0.277067 -2.678795 0.342820 -1.984622 0.369976 2.355031 0.737539 19.752459 0.417874 -1.749205 -1.298298 -2.302912 2.719946 -0.065165 16.905706 0.484821 1.300757 -1.829979 -1.929036 -0.797761 0.948590 17.692025 1.960770 -2.955302 0.282142 -1.066747 -4.536255 0.465475 2.233898 11.142015 -0.991858 -0.851861 -0.888614 -1.379090 -2.035996 -3.201815 -1.089077 0.748857 1.434037 1.747965 -0.843936 -1.014618 1.956069 -2.642659 0.141530 -0.789130 -1.363998 -1.448299 -1.810045 -3.295380 4.819473 -0.039108 1.053449 -2.786878 -1.638388 17.382750 -0.431386 3.149838 0.770751 -0.520473 1.408661 1.994701 13.279573 -0.057534 -0.334120 -5.685982 -1.022898 2.422633 0.230521 -0.482030 15.465535 -1.532466 1.321767 0.185179 -0.689373 -1.397671 13.008868 1.723331 1.562010 1.882659 -1.392564 -2.921368 13.475131 -0.180639 -0.117813 15.833096 -4.164120 2.453315 1.461963 0.580764 0.383703 18.006450 2.010881 0.268465 -1.622357 3.037144 -1.796466 0.751776 1.179665 3.183883 0.617014 11.034453 -0.546940 -1.716465 2.113794 1.288734 2.134062 1.699267 2.062703 0.740232 0.849777 0.384426 2.491689 0.313108 4.649075 14.935382 1.744170 -2.858011 1.804994 0.489953
3.555216 17.044435 17.463648 1.413305 2.223839 2.143125 3.770819 0.609496 1.716585 -0.658925 17.465251 3.926590 0.376865 -1.314698 2.624046 2.463036 -0.146590 -1.023565 2.340700 42.426224 0.395580 0.539902 -3.848667 1.551451 1.050871 0.382230 -4.054824 4.283310 -1.171355 3.547229 14.286619 2.046144 -2.798898 -1.159618 -0.475931 17.790195 0.132220 20.406086 2.720401 0.661392 1.556171 -4.176356 1.593495 16.732023 14.951699 1.780158 -0.255868 -0.428762 2.678083 14.614222 -1.129906 15.880035 4.463753 1.071580 -4.690987 2.476389 -0.206692 1.392153 1.606695 2.874102 3.686563 5.074029 -0.880469 -0.146041 -0.668036 0.434891 -1.827740 0.733871 -1.436246 5.077261 1.714161 -1.182906 18.139576 -3.401357 -0.087014 0.741294 11.936380 1.846638 20.928343 -3.351441 1.789459 22.679170 -1.978560 -1.715692 -1.042070 0.795034 -1.843637 2.242545 12.538639 0.549934 -3.786973 -1.145465 -0.938117 -0.035833 -1.832665 0.025105 -1.215252 -2.956878 -0.082160 -3.085100 -3.459140 -2.271780 0.093421 1.771560 0.515793 2.294212 -1.483730 -0.023908 2.430491 -4.807883 0.365330 -1.492284 -1.839601 -2.028107 3.730330 4.205941 20.011790 0.396820 0.515818 3.596043 1.169008 2.265410 16.717097 1.933527 2.618553 -2.433274 1.325691 -0.311833 18.655935 -1.995191 -1.589649 -3.068585 -0.749451 -0.998347 -0.226345 -1.447059 1.355671 -2.750840 -1.757112 19.374634 -1.926225 19.973617 1.813650 0.217615 -0.976321 -1.276972 -0.340406 0.197912 -0.742990 0.702910 -0.095685 -1.810755 -2.270891 13.484354 2.487642 -1.248756 0.229885 -1.850421 1.530642 16.740810 3.065874 -0.419379 2.892953 1.503359 -0.191405 -3.212739 -2.797002 -1.888327 1.257087 2.696718 -3.129449 2.066670 18.180671 -0.830159 1.351392 -0.124571 -3.090081 2.690131 1.299840 0.132683 1.724557 0.758896 -0.700263 -1.785944 -0.538082 0.635852 0.089936 -3.228281 20.363175 2.621081 -0.422522 0.441610 0.207620 -0.090388 0.220744 0.388351 -2.310586 0.000016 4.560818 0.164257
