# 协方差矩阵（对角线方差=25-144）
# 基于分组相关性矩阵生成
109.539125 55.474416 55.616858 55.450253 49.522076 58.265793 52.670611 47.847152 4.431603 3.062524 2.074723 -1.581786 -0.588748 1.340065 -1.756070 0.824977 -2.156821 0.475389 12.384035 5.610471 2.119794 -3.860799 -0.839245 7.615787 -6.393323 -1.699424 7.170466 9.501581 -7.344027 3.607874 -0.030607 -10.618880 -3.280815 -5.550968 0.948980 -2.591509 -7.741169 -2.683211 2.037360 -0.986020 -2.906720 -2.704501 2.113885 10.479140 -0.089276 -0.493753 -5.374561 2.366953 43.883780 50.802561
55.474416 110.003697 51.706227 58.441306 56.354654 53.964523 47.584220 38.744166 7.665051 6.617257 -2.869712 -2.299251 -3.120679 -0.569873 -10.284444 9.484027 -2.648789 1.061417 -3.025328 -3.950442 2.958844 2.967053 2.041092 5.986942 0.165286 1.675364 0.757498 -11.263866 -4.472261 6.360254 -0.090976 4.770265 -2.984291 -2.853508 0.354056 -5.166203 -6.168024 4.389790 2.201309 1.109684 -4.003023 -1.168766 2.561610 -7.632511 1.209963 -4.177399 -6.053586 -1.708077 40.436655 47.636827
55.616858 51.706227 118.632655 61.405969 54.586564 60.757315 40.450802 31.116681 1.454421 -2.052002 3.782389 5.439822 -5.244529 -4.816408 -2.774105 -8.945355 -4.816351 0.880523 9.678201 -7.513155 0.853994 -3.182466 10.886033 -0.166623 -6.192149 3.922272 4.615290 4.876364 -2.171495 2.376888 -7.460168 -2.178443 -5.278389 0.790919 5.361213 0.774359 -8.319104 0.072198 -5.685952 2.682890 5.497152 2.163693 -7.493139 -5.390064 -4.987000 -6.257709 -1.430220 10.537181 47.866991 45.189291
55.450253 58.441306 61.405969 112.637140 43.006117 50.936446 61.140432 49.235622 1.602931 0.982642 -3.931792 4.732732 6.567313 6.319959 -3.165662 -3.435287 -2.656290 -0.159110 -9.531077 2.846098 3.192958 -8.423673 -2.857006 -0.345469 -2.278968 5.361168 -6.636774 0.983522 -0.257593 -1.754001 9.280969 -2.887578 2.758358 0.976761 12.067955 0.252816 -2.593911 -0.974351 -1.156122 5.496871 -1.216026 8.128259 -0.626900 5.211538 -6.626328 -6.173453 0.938443 -1.310448 45.347853 47.977239
49.522076 56.354654 54.586564 43.006117 99.112036 51.968116 47.218745 39.249027 1.607167 -2.715743 3.420292 -5.166736 4.770816 -0.569518 -5.554636 -11.879463 -0.225924 -0.749439 0.809473 1.382830 4.697279 -1.419003 -2.754101 -4.808483 -5.371502 -0.380693 -6.089407 -0.732426 4.770657 -5.431086 -1.373603 0.813801 4.608484 -1.751445 -11.042914 6.777679 -0.593787 4.696432 1.408845 -0.760080 -3.003619 0.514600 10.400057 -1.370845 -1.864561 -12.756691 -3.858549 -1.555150 41.254801 44.691919
58.265793 53.964523 60.757315 50.936446 51.968116 107.824134 29.121157 47.920104 -8.427388 -2.728578 -6.782531 3.849267 -1.247055 12.529519 -0.299549 5.379972 -9.741542 17.310471 -7.943917 0.330411 -0.935644 4.543074 4.351527 2.771007 -3.468369 1.369199 -0.134517 -3.392636 0.958167 -1.458576 -0.954032 -1.665721 -3.173368 4.160057 -1.194763 -3.751379 -8.984649 -2.722486 0.101421 2.288551 -4.324998 -8.511829 -5.946981 1.314939 -1.604191 -5.489477 -1.921324 -9.107946 50.147808 32.587414
52.670611 47.584220 40.450802 61.140432 47.218745 29.121157 91.179874 44.374704 -7.018833 -3.382836 -1.415579 1.143925 1.281743 -0.115785 -11.830135 4.825820 -5.401925 -1.961744 -1.402670 7.459305 7.415508 1.742400 5.004542 -5.644514 -1.400264 -1.649694 -3.784342 6.514600 -0.396975 3.418899 -0.576651 -2.682062 -1.838257 -0.035164 2.315944 6.786416 -8.742928 -1.557046 0.373236 -2.642356 3.179445 5.209297 12.997925 -4.519284 3.231222 3.106539 -1.192667 1.110698 33.224615 47.455267
47.847152 38.744166 31.116681 49.235622 39.249027 47.920104 44.374704 88.307148 3.095188 7.279276 -6.049538 7.341439 -3.990307 6.162986 2.348502 -0.121075 10.956155 0.291604 2.987459 7.896415 3.653431 3.278393 -3.351599 0.805392 1.599056 -2.225414 -1.134151 0.255826 -4.076414 -5.319000 -2.166965 7.307541 -4.887533 0.245849 2.529614 3.215270 0.488468 1.917856 -4.808214 -4.256843 3.292713 -3.572423 2.884097 -1.572743 -6.256212 2.745765 1.885447 9.906657 36.904645 43.958447
4.431603 7.665051 1.454421 1.602931 1.607167 -8.427388 -7.018833 3.095188 89.036818 36.818114 39.528056 43.988727 1.675582 1.039386 9.556112 3.630062 -3.471205 35.714552 47.426357 36.525397 48.662142 34.132143 -7.744718 8.679271 4.869158 -2.874569 1.250565 -0.826138 2.176378 -5.780725 -5.584654 1.403054 4.838233 -2.344665 -2.675831 0.302071 2.658480 -2.417524 -2.522805 -1.209833 -4.645506 -6.066483 -5.663861 0.757255 -2.001477 2.484863 -1.669762 40.516227 -1.923700 -2.970601
3.062524 6.617257 -2.052002 0.982642 -2.715743 -2.728578 -3.382836 7.279276 36.818114 77.308118 38.011524 41.880910 7.954068 -5.154807 -5.440399 -3.502303 -0.832853 34.703303 34.960033 34.959858 36.090277 34.477085 -5.683432 6.651243 -2.010484 6.628996 1.221405 5.842549 -2.040094 4.137778 -1.859723 0.221444 4.589611 -1.062531 5.297356 -3.858359 -4.502546 6.508604 -4.833274 -3.295720 -8.468003 2.764143 4.241045 -1.765268 3.203769 6.698950 -3.414529 40.269635 -11.478117 4.747613
2.074723 -2.869712 3.782389 -3.931792 3.420292 -6.782531 -1.415579 -6.049538 39.528056 38.011524 75.926556 31.645021 13.182905 15.022653 10.995812 -0.405769 0.347374 34.094710 46.723185 49.285837 47.374761 36.742591 2.977590 0.580261 0.745464 -4.007159 -2.214552 -2.865406 -6.364116 -4.728647 -4.677976 -0.417755 3.167972 1.043406 3.763131 0.099739 -5.385844 0.395215 -0.639941 -0.568866 -0.782298 -0.268990 2.491194 -9.458711 0.783831 -2.955270 7.133967 31.473112 -6.214124 -1.533412
-1.581786 -2.299251 5.439822 4.732732 -5.166736 3.849267 1.143925 7.341439 43.988727 41.880910 31.645021 76.085415 3.122795 4.473306 1.869864 2.444028 8.875960 35.665122 36.113867 45.102504 50.992562 40.346209 3.334154 0.973363 -3.384630 -8.796470 3.220978 -2.864185 -0.287032 -1.462800 2.015890 0.454876 -2.797393 2.621320 -1.826172 9.749459 1.051296 -1.648856 -3.193950 -2.990505 -6.563832 2.993796 0.370332 -2.550048 -0.149877 3.182131 -2.487214 37.199969 3.758017 7.364708
-0.588748 -3.120679 -5.244529 6.567313 4.770816 -1.247055 1.281743 -3.990307 1.675582 7.954068 13.182905 3.122795 75.303569 38.722363 29.179994 40.343390 39.446618 2.138835 -1.699636 2.728805 -0.632445 7.614817 30.450196 47.159292 46.915119 1.671694 -3.944685 -5.477968 8.883527 -4.453541 -0.505907 4.166972 -3.151874 -0.316222 6.609547 -5.431512 2.301328 5.020849 -2.457284 -0.065618 0.708641 6.353000 5.623580 -1.919702 2.172170 25.179589 35.536695 0.393418 2.074229 9.724670
1.340065 -0.569873 -4.816408 6.319959 -0.569518 12.529519 -0.115785 6.162986 1.039386 -5.154807 15.022653 4.473306 38.722363 70.565526 30.997392 40.526110 45.155421 7.140612 3.667805 6.261506 1.409974 5.662938 37.408733 38.674211 41.330373 -2.054605 -0.567728 -3.131182 0.852605 -0.207082 3.119058 2.350354 -0.070856 2.458371 -3.902288 1.694813 -0.713202 3.203046 -0.986308 2.297700 8.858060 -1.144265 2.411821 3.071283 -1.814279 21.807686 33.784282 3.867532 0.556005 -0.224785
-1.756070 -10.284444 -2.774105 -3.165662 -5.554636 -0.299549 -11.830135 2.348502 9.556112 -5.440399 10.995812 1.869864 29.179994 30.997392 71.046121 37.794458 44.266834 5.594897 6.544919 5.865964 -0.689312 -1.356266 42.580643 43.819887 42.654978 -2.575287 -0.180559 2.593887 -3.135554 -2.400831 1.471937 -7.545975 0.717737 -1.504789 2.443324 -2.754396 1.893082 -3.409870 4.181934 3.224762 2.824168 0.504274 -4.217089 1.713673 1.273844 27.579161 40.658042 2.604595 0.847327 10.759751
0.824977 9.484027 -8.945355 -3.435287 -11.879463 5.379972 4.825820 -0.121075 3.630062 -3.502303 -0.405769 2.444028 40.343390 40.526110 37.794458 90.091355 42.696566 3.301652 -3.576661 -6.648696 6.423215 4.874590 37.871629 45.641781 48.724088 -5.100721 -0.056431 0.104785 -1.568762 4.237799 -4.053893 -0.824115 2.723397 3.451810 4.469760 -3.654069 -1.075940 -1.155066 7.176872 1.552643 -9.046451 -1.650925 0.329713 4.021027 -1.477839 38.078221 40.116122 1.739403 -0.212360 -3.727581
-2.156821 -2.648789 -4.816351 -2.656290 -0.225924 -9.741542 -5.401925 10.956155 -3.471205 -0.832853 0.347374 8.875960 39.446618 45.155421 44.266834 42.696566 98.803656 -11.502955 -0.820234 0.813981 -0.507785 -2.331576 41.054957 53.957942 58.185727 1.476610 3.304963 -0.838478 3.089450 1.276933 -3.681554 0.613568 -3.338841 -6.482333 1.243266 1.626989 -0.827822 -2.549219 2.549738 -0.153458 3.835734 -6.302517 -0.978934 0.550928 1.091376 36.742541 49.027495 5.882855 6.295420 5.086498
0.475389 1.061417 0.880523 -0.159110 -0.749439 17.310471 -1.961744 0.291604 35.714552 34.703303 34.094710 35.665122 2.138835 7.140612 5.594897 3.301652 -11.502955 87.769824 53.186462 45.989660 52.561638 43.365472 2.951493 3.585239 -0.611946 -4.139260 -5.302097 3.098948 7.187977 -0.105212 -0.020865 0.142079 -1.847375 -3.956132 -0.876662 0.346851 5.515209 4.013229 -0.075876 1.002964 -1.401306 -0.274189 -5.933823 -6.491254 6.154624 5.083380 -1.128023 37.873114 0.303177 2.512676
12.384035 -3.025328 9.678201 -9.531077 0.809473 -7.943917 -1.402670 2.987459 47.426357 34.960033 46.723185 36.113867 -1.699636 3.667805 6.544919 -3.576661 -0.820234 53.186462 82.178254 46.881152 49.523486 38.999811 3.974340 1.011196 -2.384271 1.125084 0.442509 0.940655 5.835330 0.284369 -7.838989 -4.111403 -1.784304 1.111246 5.077452 1.470555 -5.286695 0.334719 0.866599 11.325430 8.942109 5.489222 -0.603022 -2.519173 -7.808938 -3.655491 -0.514484 37.957814 -1.920903 3.007100
5.610471 -3.950442 -7.513155 2.846098 1.382830 0.330411 7.459305 7.896415 36.525397 34.959858 49.285837 45.102504 2.728805 6.261506 5.865964 -6.648696 0.813981 45.989660 46.881152 84.862206 44.359031 51.648616 1.665783 -0.645887 0.444146 3.866065 3.877311 5.017784 1.031715 -2.439248 3.105782 2.009648 -3.436675 6.250000 -1.192772 1.880451 -0.842309 -1.522944 -0.467587 -1.901558 -5.496219 -2.785113 -1.193213 0.922637 -0.245331 -5.102911 3.816661 45.373709 -2.589213 -5.037722
2.119794 2.958844 0.853994 3.192958 4.697279 -0.935644 7.415508 3.653431 48.662142 36.090277 47.374761 50.992562 -0.632445 1.409974 -0.689312 6.423215 -0.507785 52.561638 49.523486 44.359031 95.483657 46.999668 -10.282205 -2.403712 -0.007939 5.231841 -4.437597 -3.154974 4.253664 3.600046 1.822040 -2.407405 6.498860 3.128338 -10.820965 -0.540220 -3.911250 -0.273957 0.708141 -4.355212 -0.330516 -2.882015 -1.856882 1.958016 4.135927 4.368385 -7.757115 31.707970 6.023181 4.608545
-3.860799 2.967053 -3.182466 -8.423673 -1.419003 4.543074 1.742400 3.278393 34.132143 34.477085 36.742591 40.346209 7.614817 5.662938 -1.356266 4.874590 -2.331576 43.365472 38.999811 51.648616 46.999668 89.449741 -12.683744 3.072181 0.532055 2.310375 1.460089 1.330217 -0.844476 0.888406 -3.062967 3.824123 -7.475063 0.281988 1.181775 -5.680711 2.983058 -2.336306 3.411110 -3.055590 -6.382610 -6.293438 -7.416473 0.383047 6.222451 4.197050 -3.601538 40.898661 -2.720088 5.601036
-0.839245 2.041092 10.886033 -2.857006 -2.754101 4.351527 5.004542 -3.351599 -7.744718 -5.683432 2.977590 3.334154 30.450196 37.408733 42.580643 37.871629 41.054957 2.951493 3.974340 1.665783 -10.282205 -12.683744 71.250810 48.095709 38.820485 -0.419516 -4.755893 3.575476 1.190791 -0.743890 0.448413 -2.555845 1.676770 2.704032 1.119549 -1.314865 -1.553411 -6.981010 -5.416100 -0.971979 8.040854 1.866715 2.199525 -3.876372 -1.865515 29.710732 29.111918 -1.005100 1.120691 8.293873
7.615787 5.986942 -0.166623 -0.345469 -4.808483 2.771007 -5.644514 0.805392 8.679271 6.651243 0.580261 0.973363 47.159292 38.674211 43.819887 45.641781 53.957942 3.585239 1.011196 -0.645887 -2.403712 3.072181 48.095709 98.086526 61.629281 -1.567885 0.152884 -2.159980 -3.384425 5.980026 -1.511087 6.018514 -3.304551 -7.476643 -0.785944 -3.315028 0.017440 -2.276484 -1.500059 -2.960048 -4.704912 -1.858722 -6.045549 7.141772 -4.335618 38.688589 33.860938 -7.951300 -0.416600 -5.178857
-6.393323 0.165286 -6.192149 -2.278968 -5.371502 -3.468369 -1.400264 1.599056 4.869158 -2.010484 0.745464 -3.384630 46.915119 41.330373 42.654978 48.724088 58.185727 -0.611946 -2.384271 0.444146 -0.007939 0.532055 38.820485 61.629281 88.241071 -5.940342 4.939394 -4.447390 3.136040 2.206122 -0.100346 -5.011863 1.192327 -3.870236 4.376749 -2.062265 -0.630210 5.220543 -5.879312 -0.014693 -5.916278 -5.537974 -4.809228 -1.570816 -3.165495 31.254535 47.615307 -0.963501 -3.058335 -3.229748
-1.699424 1.675364 3.922272 5.361168 -0.380693 1.369199 -1.649694 -2.225414 -2.874569 6.628996 -4.007159 -8.796470 1.671694 -2.054605 -2.575287 -5.100721 1.476610 -4.139260 1.125084 3.866065 5.231841 2.310375 -0.419516 -1.567885 -5.940342 72.482257 28.696457 34.112935 34.958981 6.047919 1.072878 -5.195101 2.388365 -0.221746 27.349148 -2.883550 -3.505659 -5.028081 1.225841 -1.433121 37.163649 29.436824 28.042270 29.295288 33.846409 -0.720280 -8.474049 -1.521479 1.778536 0.113370
7.170466 0.757498 4.615290 -6.636774 -6.089407 -0.134517 -3.784342 -1.134151 1.250565 1.221405 -2.214552 3.220978 -3.944685 -0.567728 -0.180559 -0.056431 3.304963 -5.302097 0.442509 3.877311 -4.437597 1.460089 -4.755893 0.152884 4.939394 28.696457 54.208372 28.046042 26.738123 4.196573 -3.719896 -4.717836 2.227251 0.842951 27.587507 1.134520 1.891992 3.826808 -3.448921 -0.800756 29.899832 23.422963 27.056603 33.050393 33.137903 -4.785818 1.025997 2.359400 7.742811 5.787598
9.501581 -11.263866 4.876364 0.983522 -0.732426 -3.392636 6.514600 0.255826 -0.826138 5.842549 -2.865406 -2.864185 -5.477968 -3.131182 2.593887 0.104785 -0.838478 3.098948 0.940655 5.017784 -3.154974 1.330217 3.575476 -2.159980 -4.447390 34.112935 28.046042 60.124657 24.687030 -5.599805 0.935479 -2.732369 3.788393 -1.541941 22.927398 -5.434241 1.034371 -5.023770 3.089340 -2.335141 34.507871 33.884121 21.300816 29.251113 28.307744 9.179707 -3.565011 -3.268280 -9.766012 4.314727
-7.344027 -4.472261 -2.171495 -0.257593 4.770657 0.958167 -0.396975 -4.076414 2.176378 -2.040094 -6.364116 -0.287032 8.883527 0.852605 -3.135554 -1.568762 3.089450 7.187977 5.835330 1.031715 4.253664 -0.844476 1.190791 -3.384425 3.136040 34.958981 26.738123 24.687030 50.340576 -1.137453 7.731583 -0.850488 0.546628 2.838515 25.454427 3.518703 -0.719345 0.786731 -3.132753 2.746889 24.781156 21.610951 23.503651 24.527649 23.784550 0.765210 7.080120 -3.929663 -0.965969 -3.231526
3.607874 6.360254 2.376888 -1.754001 -5.431086 -1.458576 3.418899 -5.319000 -5.780725 4.137778 -4.728647 -1.462800 -4.453541 -0.207082 -2.400831 4.237799 1.276933 -0.105212 0.284369 -2.439248 3.600046 0.888406 -0.743890 5.980026 2.206122 6.047919 4.196573 -5.599805 -1.137453 48.803495 21.009812 21.352028 23.511327 18.117514 -3.180345 19.264787 28.169004 21.183286 14.942298 21.115899 1.305180 -6.133845 -0.713571 0.287477 -1.167686 -4.154764 -3.355136 2.307958 -3.515127 -2.457364
-0.030607 -0.090976 -7.460168 9.280969 -1.373603 -0.954032 -0.576651 -2.166965 -5.584654 -1.859723 -4.677976 2.015890 -0.505907 3.119058 1.471937 -4.053893 -3.681554 -0.020865 -7.838989 3.105782 1.822040 -3.062967 0.448413 -1.511087 -0.100346 1.072878 -3.719896 0.935479 7.731583 21.009812 34.361502 19.916491 20.431760 17.201154 -0.931542 16.012798 20.327453 16.134525 14.083465 15.958153 0.273944 1.063436 0.277353 3.009777 2.095198 2.653786 -2.937603 -3.519941 1.761190 -7.136288
-10.618880 4.770265 -2.178443 -2.887578 0.813801 -1.665721 -2.682062 7.307541 1.403054 0.221444 -0.417755 0.454876 4.166972 2.350354 -7.545975 -0.824115 0.613568 0.142079 -4.111403 2.009648 -2.407405 3.824123 -2.555845 6.018514 -5.011863 -5.195101 -4.717836 -2.732369 -0.850488 21.352028 19.916491 52.611829 20.334665 24.174243 -2.043654 17.823301 27.932127 21.702729 24.961042 22.816658 6.805910 2.471093 0.448709 -1.538116 -3.642731 -0.422857 -6.181777 -0.128202 -4.451177 -2.309797
-3.280815 -2.984291 -5.278389 2.758358 4.608484 -3.173368 -1.838257 -4.887533 4.838233 4.589611 3.167972 -2.797393 -3.151874 -0.070856 0.717737 2.723397 -3.338841 -1.847375 -1.784304 -3.436675 6.498860 -7.475063 1.676770 -3.304551 1.192327 2.388365 2.227251 3.788393 0.546628 23.511327 20.431760 20.334665 40.130967 23.049992 1.562246 17.061944 23.842160 18.371562 21.152747 24.524177 0.571748 1.129352 -1.514373 3.833288 4.140143 -1.786241 -7.266796 -1.400137 -2.874640 3.294066
-5.550968 -2.853508 0.790919 0.976761 -1.751445 4.160057 -0.035164 0.245849 -2.344665 -1.062531 1.043406 2.621320 -0.316222 2.458371 -1.504789 3.451810 -6.482333 -3.956132 1.111246 6.250000 3.128338 0.281988 2.704032 -7.476643 -3.870236 -0.221746 0.842951 -1.541941 2.838515 18.117514 17.201154 24.174243 23.049992 40.013299 1.229807 18.485887 22.245528 19.960244 21.695500 20.707705 0.960351 1.237061 -1.574221 4.416205 -1.425650 -2.580086 0.712778 -5.325731 1.625910 -2.972928
0.948980 0.354056 5.361213 12.067955 -11.042914 -1.194763 2.315944 2.529614 -2.675831 5.297356 3.763131 -1.826172 6.609547 -3.902288 2.443324 4.469760 1.243266 -0.876662 5.077452 -1.192772 -10.820965 1.181775 1.119549 -0.785944 4.376749 27.349148 27.587507 22.927398 25.454427 -3.180345 -0.931542 -2.043654 1.562246 1.229807 46.813471 1.476879 0.719071 -1.408328 1.940090 4.709723 24.107721 29.124682 21.146921 24.076836 23.972824 -0.555520 3.316039 5.430691 -4.652852 -1.126552
-2.591509 -5.166203 0.774359 0.252816 6.777679 -3.751379 6.786416 3.215270 0.302071 -3.858359 0.099739 9.749459 -5.431512 1.694813 -2.754396 -3.654069 1.626989 0.346851 1.470555 1.880451 -0.540220 -5.680711 -1.314865 -3.315028 -2.062265 -2.883550 1.134520 -5.434241 3.518703 19.264787 16.012798 17.823301 17.061944 18.485887 1.476879 38.725058 22.675357 18.238300 18.065355 20.351754 -1.364426 -3.280177 1.785304 2.318901 1.087751 2.509532 2.601043 -2.291036 2.981587 -0.026145
-7.741169 -6.168024 -8.319104 -2.593911 -0.593787 -8.984649 -8.742928 0.488468 2.658480 -4.502546 -5.385844 1.051296 2.301328 -0.713202 1.893082 -1.075940 -0.827822 5.515209 -5.286695 -0.842309 -3.911250 2.983058 -1.553411 0.017440 -0.630210 -3.505659 1.891992 1.034371 -0.719345 28.169004 20.327453 27.932127 23.842160 22.245528 0.719071 22.675357 56.950346 23.329810 21.773058 23.331052 -1.412852 4.863422 4.080328 -1.082684 7.527317 0.540311 -6.773214 8.663156 -4.821979 -9.289829
-2.683211 4.389790 0.072198 -0.974351 4.696432 -2.722486 -1.557046 1.917856 -2.417524 6.508604 0.395215 -1.648856 5.020849 3.203046 -3.409870 -1.155066 -2.549219 4.013229 0.334719 -1.522944 -0.273957 -2.336306 -6.981010 -2.276484 5.220543 -5.028081 3.826808 -5.023770 0.786731 21.183286 16.134525 21.702729 18.371562 19.960244 -1.408328 18.238300 23.329810 31.951008 17.538620 17.972086 1.600832 -3.311815 -1.330753 -2.282963 5.120863 -0.125191 2.878555 3.676709 -2.251225 1.680095
2.037360 2.201309 -5.685952 -1.156122 1.408845 0.101421 0.373236 -4.808214 -2.522805 -4.833274 -0.639941 -3.193950 -2.457284 -0.986308 4.181934 7.176872 2.549738 -0.075876 0.866599 -0.467587 0.708141 3.411110 -5.416100 -1.500059 -5.879312 1.225841 -3.448921 3.089340 -3.132753 14.942298 14.083465 24.961042 21.152747 21.695500 1.940090 18.065355 21.773058 17.538620 37.851364 26.212712 -0.303162 4.206594 -6.761531 0.688424 3.286102 1.979449 -6.945171 -4.691309 -0.742588 -0.523329
-0.986020 1.109684 2.682890 5.496871 -0.760080 2.288551 -2.642356 -4.256843 -1.209833 -3.295720 -0.568866 -2.990505 -0.065618 2.297700 3.224762 1.552643 -0.153458 1.002964 11.325430 -1.901558 -4.355212 -3.055590 -0.971979 -2.960048 -0.014693 -1.433121 -0.800756 -2.335141 2.746889 21.115899 15.958153 22.816658 24.524177 20.707705 4.709723 20.351754 23.331052 17.972086 26.212712 44.135653 -0.489936 -0.169931 0.376254 -0.286271 0.394267 -0.283256 0.876926 -5.793216 -3.044699 3.363913
-2.906720 -4.003023 5.497152 -1.216026 -3.003619 -4.324998 3.179445 3.292713 -4.645506 -8.468003 -0.782298 -6.563832 0.708641 8.858060 2.824168 -9.046451 3.835734 -1.401306 8.942109 -5.496219 -0.330516 -6.382610 8.040854 -4.704912 -5.916278 37.163649 29.899832 34.507871 24.781156 1.305180 0.273944 6.805910 0.571748 0.960351 24.107721 -1.364426 -1.412852 1.600832 -0.303162 -0.489936 61.879424 32.936723 28.688849 30.724520 25.742816 -0.174984 -6.479419 -6.920996 7.910645 5.005544
-2.704501 -1.168766 2.163693 8.128259 0.514600 -8.511829 5.209297 -3.572423 -6.066483 2.764143 -0.268990 2.993796 6.353000 -1.144265 0.504274 -1.650925 -6.302517 -0.274189 5.489222 -2.785113 -2.882015 -6.293438 1.866715 -1.858722 -5.537974 29.436824 23.422963 33.884121 21.610951 -6.133845 1.063436 2.471093 1.129352 1.237061 29.124682 -3.280177 4.863422 -3.311815 4.206594 -0.169931 32.936723 59.955091 27.131116 24.343196 21.223968 -5.483266 -2.192855 -1.983540 -4.519010 1.970602
2.113885 2.561610 -7.493139 -0.626900 10.400057 -5.946981 12.997925 2.884097 -5.663861 4.241045 2.491194 0.370332 5.623580 2.411821 -4.217089 0.329713 -0.978934 -5.933823 -0.603022 -1.193213 -1.856882 -7.416473 2.199525 -6.045549 -4.809228 28.042270 27.056603 21.300816 23.503651 -0.713571 0.277353 0.448709 -1.514373 -1.574221 21.146921 1.785304 4.080328 -1.330753 -6.761531 0.376254 28.688849 27.131116 52.430678 22.158133 25.200614 2.577041 3.859661 -2.061506 6.624150 5.276982
10.479140 -7.632511 -5.390064 5.211538 -1.370845 1.314939 -4.519284 -1.572743 0.757255 -1.765268 -9.458711 -2.550048 -1.919702 3.071283 1.713673 4.021027 0.550928 -6.491254 -2.519173 0.922637 1.958016 0.383047 -3.876372 7.141772 -1.570816 29.295288 33.050393 29.251113 24.527649 0.287477 3.009777 -1.538116 3.833288 4.416205 24.076836 2.318901 -1.082684 -2.282963 0.688424 -0.286271 30.724520 24.343196 22.158133 60.905532 24.855278 -3.763089 3.901817 1.755879 4.830577 -3.814484
-0.089276 1.209963 -4.987000 -6.626328 -1.864561 -1.604191 3.231222 -6.256212 -2.001477 3.203769 0.783831 -0.149877 2.172170 -1.814279 1.273844 -1.477839 1.091376 6.154624 -7.808938 -0.245331 4.135927 6.222451 -1.865515 -4.335618 -3.165495 33.846409 33.137903 28.307744 23.784550 -1.167686 2.095198 -3.642731 4.140143 -1.425650 23.972824 1.087751 7.527317 5.120863 3.286102 0.394267 25.742816 21.223968 25.200614 24.855278 58.431736 7.605052 -4.403645 5.218919 -2.113606 5.123900
-0.493753 -4.177399 -6.257709 -6.173453 -12.756691 -5.489477 3.106539 2.745765 2.484863 6.698950 -2.955270 3.182131 25.179589 21.807686 27.579161 38.078221 36.742541 5.083380 -3.655491 -5.102911 4.368385 4.197050 29.710732 38.688589 31.254535 -0.720280 -4.785818 9.179707 0.765210 -4.154764 2.653786 -0.422857 -1.786241 -2.580086 -0.555520 2.509532 0.540311 -0.125191 1.979449 -0.283256 -0.174984 -5.483266 2.577041 -3.763089 7.605052 57.641086 33.850289 -2.175025 -4.251742 -3.796046
-5.374561 -6.053586 -1.430220 0.938443 -3.858549 -1.921324 -1.192667 1.885447 -1.669762 -3.414529 7.133967 -2.487214 35.536695 33.784282 40.658042 40.116122 49.027495 -1.128023 -0.514484 3.816661 -7.757115 -3.601538 29.111918 33.860938 47.615307 -8.474049 1.025997 -3.565011 7.080120 -3.355136 -2.937603 -6.181777 -7.266796 0.712778 3.316039 2.601043 -6.773214 2.878555 -6.945171 0.876926 -6.479419 -2.192855 3.859661 3.901817 -4.403645 33.850289 75.181500 3.801943 -1.131280 6.965009
2.366953 -1.708077 10.537181 -1.310448 -1.555150 -9.107946 1.110698 9.906657 40.516227 40.269635 31.473112 37.199969 0.393418 3.867532 2.604595 1.739403 5.882855 37.873114 37.957814 45.373709 31.707970 40.898661 -1.005100 -7.951300 -0.963501 -1.521479 2.359400 -3.268280 -3.929663 2.307958 -3.519941 -0.128202 -1.400137 -5.325731 5.430691 -2.291036 8.663156 3.676709 -4.691309 -5.793216 -6.920996 -1.983540 -2.061506 1.755879 5.218919 -2.175025 3.801943 74.901880 -5.272942 -2.867182
43.883780 40.436655 47.866991 45.347853 41.254801 50.147808 33.224615 36.904645 -1.923700 -11.478117 -6.214124 3.758017 2.074229 0.556005 0.847327 -0.212360 6.295420 0.303177 -1.920903 -2.589213 6.023181 -2.720088 1.120691 -0.416600 -3.058335 1.778536 7.742811 -9.766012 -0.965969 -3.515127 1.761190 -4.451177 -2.874640 1.625910 -4.652852 2.981587 -4.821979 -2.251225 -0.742588 -3.044699 7.910645 -4.519010 6.624150 4.830577 -2.113606 -4.251742 -1.131280 -5.272942 80.230897 38.225747
50.802561 47.636827 45.189291 47.977239 44.691919 32.587414 47.455267 43.958447 -2.970601 4.747613 -1.533412 7.364708 9.724670 -0.224785 10.759751 -3.727581 5.086498 2.512676 3.007100 -5.037722 4.608545 5.601036 8.293873 -5.178857 -3.229748 0.113370 5.787598 4.314727 -3.231526 -2.457364 -7.136288 -2.309797 3.294066 -2.972928 -1.126552 -0.026145 -9.289829 1.680095 -0.523329 3.363913 5.005544 1.970602 5.276982 -3.814484 5.123900 -3.796046 6.965009 -2.867182 38.225747 97.489200
