# 协方差矩阵（对角线方差=25-144）
# 基于分组相关性矩阵生成
72.104454 27.575188 -4.400651 5.540305 -2.392846 -3.520586 4.475363 -1.016004 -0.745684 -3.540744 -5.388683 -0.563701 -5.574675 0.223550 -0.500143 41.507276 -1.202383 -2.310516 -0.777090 7.103156 1.575763 -0.446836 -2.402252 2.661739 -0.923480 0.229474 -0.488789 -1.611365 1.931148 33.426365 -2.572708 -0.375337 33.943139 32.019432 6.385809 3.377664 -2.317938 1.262954 -2.861865 -2.305024 -2.545520 -1.111711 -2.359295 1.487418 0.609011 7.096072 5.575693 -3.528338 -0.646750 3.396429 5.743970 4.494253 40.537096 43.941582 30.859692 29.870771 1.483514 -1.103172 1.272580 4.748953 -0.709829 -2.739291 -1.207141 2.492641 3.556826 0.354291 -5.448714 -2.008509 2.252939 -3.732356 -1.968506 0.212482 -1.699343 -3.429528 24.534495 -0.420716 2.888212 4.327793 0.781734 1.880290 32.535923 -0.545987 0.681439 3.459654 2.918739 -3.569433 -0.565272 -1.542876 1.377087 -4.306909 2.176338 0.970554 4.783525 2.459330 7.146913 -0.172767 4.771406 4.780350 36.980290 30.625825 -3.834176 1.320928 2.014333 41.198022 33.376020 4.007369 2.269850 -3.108100 4.959220 -0.497775 4.373788 31.377641 6.026655 -7.859029 3.498747 2.933331 3.639927 -5.164943 30.568106 -3.208626 -2.127423 1.712418 -0.766755 -0.458202 -2.130462 -0.695862 7.396150 7.454315 26.924246 -1.602201 2.770578 2.932368 3.677567 0.238246 -4.610913 -0.580722 33.308450 -4.525929 -1.353756 -7.502736 2.692598 -3.875921 27.978383 -4.267151 0.084951 -0.968661 -0.469194 -2.861904 -1.698553 0.560776 -2.758578 1.047033 3.173612 5.736009 1.788799 36.908273 4.393650 2.202877 2.165754 5.668814 -7.448447 6.953523 -1.722151 4.969608 -0.074046 2.135350 -4.933332 -6.485801 31.505415 2.405980 3.874859 -2.579749 -3.944448 1.378184 -0.012620 1.700935 -0.702877 -0.830070 -6.332066 5.811690 1.752073 6.863064 -1.289651 6.386175 -6.256526 5.049467 3.958638 2.114865 2.536141 2.480356 -4.204470 -8.860194 2.758528 -6.167133 0.680064 -0.518822 0.080148 0.185482 32.416565 31.522206
27.575188 77.787673 1.282775 1.854691 2.055572 0.330776 3.892714 -0.443966 4.413982 0.296915 6.104331 -0.782517 5.044975 0.676156 -1.463062 36.058143 1.220169 -1.005581 -0.291123 -1.968381 2.790471 -7.707740 3.409598 -4.041854 -2.144135 1.698972 -2.589423 1.274180 1.166356 41.203382 -2.453425 3.548255 33.834134 29.242284 6.275857 1.213254 -2.379740 3.055349 -0.408265 2.940208 1.557676 -2.479273 -1.365624 -1.490125 -0.735673 2.529129 -0.137162 0.604334 -1.274009 -1.041206 0.570791 -3.095360 41.111167 35.536368 34.464201 32.101233 2.942717 -3.172229 0.467640 -3.087337 0.907691 1.038519 -4.089539 -2.468444 -2.662589 -0.086978 5.340374 2.174677 -1.826633 -0.473971 3.859317 -1.362150 1.663971 0.362652 20.828843 0.180494 -4.059902 0.336023 -3.025991 -3.162177 36.248005 -0.865310 -4.251407 2.257127 -1.017434 2.143655 0.646329 0.000516 3.115045 -4.012110 4.895498 0.541144 -1.925356 3.583914 -4.916247 -0.753022 -2.507314 -4.721160 32.351558 35.894219 0.513376 -0.944455 -0.366266 40.460284 34.228091 0.826274 1.608040 -6.237445 -0.007883 -7.174079 -1.439635 32.644948 -3.545963 4.830075 0.410497 0.168613 4.372697 -0.171857 40.905076 3.257050 -1.096787 -2.873986 -3.632185 -0.116834 2.482160 0.254981 -4.977634 -2.134391 38.047021 2.007592 -4.111919 -9.482950 6.266877 -2.066059 -6.686552 3.431774 32.969881 4.111385 -3.429901 7.824163 6.754132 -6.982480 26.539642 6.333987 -2.972602 0.761066 0.299152 4.818306 0.428618 -2.573999 -3.035820 2.885009 -0.783183 4.663031 5.188507 37.721248 4.583114 -0.946837 1.590506 -2.322363 4.406530 -1.625170 1.749839 -2.861567 1.539573 -4.216631 -0.191648 -1.517276 41.580971 1.872080 -5.260041 1.024765 1.306767 0.220212 -1.495450 -2.781257 1.201717 5.973170 0.574421 1.983218 -8.917683 -1.566350 3.856018 -4.327817 3.374613 6.482371 -0.044579 0.671420 -4.713329 -5.609189 3.517082 1.805535 2.086884 5.144886 -4.645463 -2.227491 -1.420294 -2.472631 32.992691 30.378374
-4.400651 1.282775 92.972543 26.728725 -0.704602 -2.565341 3.831614 -1.215626 -4.515346 4.440758 -2.666297 4.268280 0.285583 0.618600 -4.838055 1.749075 -2.548130 -3.765070 1.809591 -0.354836 -8.332451 -2.608224 0.528685 3.132305 -3.898285 5.462756 -2.375147 -3.290175 -5.325803 -4.642045 36.963879 45.589440 -2.663355 -0.358498 -0.447387 -0.819923 3.812585 0.674382 2.214338 2.944051 -1.821931 1.970936 -2.594987 -0.502113 1.186536 -4.478994 -4.680773 2.204922 -4.329143 5.787972 3.731856 -6.948947 2.653993 0.259462 -0.613856 6.691250 -5.694248 4.531068 -0.903740 0.232776 -0.605527 -2.619362 -2.357744 -0.385332 -0.881260 -3.735693 -0.141851 0.347159 1.100453 3.439157 1.540147 3.842800 1.369296 -11.954415 2.109806 35.711896 -3.265850 -6.337719 -0.400407 31.791388 -4.484901 -3.714635 -3.230242 -1.101535 4.233573 -2.446665 0.544553 -1.825250 1.132949 -2.980755 2.814798 -4.529371 -0.028550 3.973324 3.543078 1.810109 3.994717 0.229605 2.421332 -2.421049 41.926360 38.383194 33.060313 2.145477 -3.695534 -1.534266 -1.625105 2.175322 -0.368905 2.821450 -5.071592 -1.718104 3.719866 -2.091575 -0.794456 -0.168834 -4.635366 3.764087 -1.832340 -3.463747 -1.847980 -6.207642 -2.545761 0.034305 -5.033921 1.188513 -1.325542 1.278289 2.219847 29.197160 -4.505224 -6.439029 -1.091301 45.239411 46.947103 36.640959 1.075170 45.032996 46.235736 45.382311 36.194465 39.254829 2.787275 -4.208736 2.334372 -1.560843 3.383747 1.614427 0.026123 0.265623 -7.690331 -1.902244 -4.897727 -3.214363 2.766025 -1.707258 40.889203 -2.670479 1.789916 5.184917 2.399827 -4.559335 4.310346 3.381648 3.025599 -3.235953 5.633309 39.458772 -9.159299 -5.117011 -1.281062 -3.396381 -1.515920 -0.690423 4.038703 -5.262105 7.097082 4.211276 3.863679 -9.840811 -6.493811 -6.315353 -3.081955 -5.004679 31.139113 37.268297 40.346236 -3.198033 -0.073928 5.887172 -5.903548 -1.597280 -8.996722 -2.601326 0.253147 7.966838 43.808078 37.500886 2.494508 5.597629
5.540305 1.854691 26.728725 91.621381 -5.838479 0.540916 -5.110318 -2.696808 6.103828 -8.099335 1.678840 -0.328131 2.693687 -2.829067 0.894211 4.367767 -7.889912 -2.853186 -3.947192 3.296930 8.266522 2.627479 -0.357963 -3.556966 -2.844003 -3.077550 -0.987904 5.457494 1.429529 -1.322097 36.579071 40.429301 -2.613912 5.766190 -5.941400 -3.294228 -3.676691 -2.439450 0.122436 -0.252117 1.271261 -1.955842 3.086096 2.033622 -1.239486 -4.068460 0.263092 4.276633 1.829031 -1.605956 1.700491 -1.331352 6.140919 0.083639 3.660832 1.934951 2.046771 -6.246558 4.537503 -3.893052 3.867739 -1.110680 -2.951419 -0.366699 -0.705010 6.310801 3.372406 2.572390 1.588539 5.251110 -1.190311 -1.641754 1.198581 0.085165 1.268499 35.382765 -3.619115 3.393397 2.143255 36.020564 -0.279198 1.297748 -0.504884 -0.072274 0.970120 0.132293 2.686827 0.503258 3.486469 2.349413 5.033473 5.234641 -2.609772 3.215222 2.834527 0.487110 -6.183089 1.465073 2.647945 7.247592 33.951427 40.704745 32.938978 5.709350 2.154984 2.361680 0.958041 1.491571 -5.606208 0.410820 1.505048 4.886460 4.405530 -0.504837 -3.320030 9.005985 1.847726 -0.617689 -6.776473 2.955796 -4.662744 -1.905962 -2.724385 1.636860 0.608151 2.965822 3.232353 -1.386645 0.399594 37.981056 1.742069 5.590712 -1.193143 34.011659 41.968255 40.997320 -1.841073 39.870365 34.138414 31.316811 53.384415 41.939538 6.876739 -2.338253 -4.941508 -0.066330 0.172836 3.684703 -0.824158 -2.669761 -2.672761 3.206196 -3.972443 6.314430 2.255688 -3.684637 33.586706 1.573683 -1.887295 0.948310 -5.380149 6.246866 -5.655266 -1.924288 -0.953954 -3.664620 1.263048 39.877343 2.885443 1.962186 -4.723543 -3.679218 5.506565 -1.762655 5.943529 4.367251 -5.301966 4.174356 -1.718742 -2.366880 -6.325399 -0.917326 4.580599 3.233871 34.854374 41.099285 36.386764 -0.755017 0.909769 -1.434942 -2.119944 1.406239 -6.953330 -6.430616 6.684367 -3.556096 35.747539 44.032090 -4.807474 3.315598
-2.392846 2.055572 -0.704602 -5.838479 83.823705 37.961346 -6.875967 1.083858 -5.599592 4.856418 -5.980275 -5.390619 -5.335332 37.434371 30.340580 1.810703 0.031218 2.461675 2.783479 3.690049 -2.951719 -0.899943 3.656926 0.568248 -0.228032 3.037967 -4.230785 4.411172 1.951179 8.292572 -5.212179 -5.386068 0.299107 7.685573 -3.485847 3.552167 -2.385193 -1.838909 -0.264303 -7.341258 4.498244 -0.520235 1.465000 2.337409 -2.129366 5.647236 -0.443431 -1.306577 -3.804078 -5.555577 -1.873173 -1.510804 3.967803 0.003361 -2.846529 6.561421 -5.823905 0.655115 -6.543641 0.563075 1.701622 2.105199 2.670250 -5.428610 -3.602726 0.774735 0.825200 -2.054780 -9.026377 -0.967116 2.195700 3.996107 -8.141016 -1.360423 5.072239 -0.982240 37.139943 43.253770 34.024705 -0.817050 -1.698058 2.470803 -1.059808 -1.093807 3.490702 -1.758713 0.384615 -0.102192 -0.852415 -2.752858 -1.742347 3.299585 2.553080 0.214845 -0.131709 -4.779264 -7.379873 -6.677666 1.898204 -3.085027 -6.461519 -4.605747 -0.570547 -1.101734 5.696771 -0.440843 -1.373687 -3.465540 1.239932 -3.563413 2.685971 -4.028679 33.234359 -4.379607 -7.601645 -9.331875 -3.791348 -5.989184 11.718962 -0.995390 2.957728 3.456006 3.531012 -2.733922 -4.740452 -1.708701 -2.693566 -0.530109 0.776901 4.580124 32.563448 31.989748 34.803505 2.626944 -3.819795 1.081935 0.729118 -2.518570 2.634461 2.303311 -2.730787 3.194373 8.590971 8.883826 -4.341704 -2.992687 -4.587051 -5.119826 2.470610 -3.040783 -3.101034 2.760181 0.445434 2.411887 -2.249220 2.923289 5.455586 34.855256 33.028677 41.818583 6.841758 -7.534870 33.421575 36.735427 35.464490 33.334992 42.364897 0.239004 3.519700 -2.000014 -0.597631 0.731851 -4.075746 -4.219127 2.917865 4.070134 39.539506 -3.627571 -2.987648 1.053936 -3.669328 -0.360571 3.839833 42.989973 2.697167 4.725982 3.643401 34.359281 -1.586973 -4.036704 2.530936 -4.138817 -4.390903 26.857992 35.017686 38.377973 2.039688 2.603380 1.280160 2.853046
-3.520586 0.330776 -2.565341 0.540916 37.961346 99.667726 -1.626706 3.219578 0.060323 -1.421463 6.544569 -4.625412 -3.318775 40.158420 35.798752 -4.037985 -0.572191 -0.933984 -1.155403 4.609710 3.489485 1.405728 -4.932641 9.965300 2.021969 -0.363785 -1.780011 -1.798805 1.026212 -0.017139 3.879936 2.649029 -4.161234 -3.031377 4.345523 7.733447 3.323943 4.444990 3.554760 0.344715 -1.112890 -2.159224 -0.670871 -0.502401 -3.351533 -5.249826 4.019229 0.634779 0.176233 -3.873986 -0.222432 -3.167564 -3.188873 -10.936009 -3.208564 2.352480 0.752798 4.119389 -1.780254 -0.067884 -3.908938 4.403376 2.139337 -1.186267 -4.085408 -3.413872 -4.960421 -5.721190 -3.586259 4.069580 1.033201 -5.042555 -5.049709 -0.089570 0.522426 0.670220 40.459569 39.959040 51.052997 1.513783 0.843395 -6.764633 -4.045970 0.107392 -3.686666 6.996839 -3.050760 0.663652 0.274024 0.517377 -7.621098 0.931007 6.920494 7.106867 -7.358942 1.499406 -0.382553 0.703402 4.113915 -3.300170 -1.619483 -1.634639 0.813123 7.961826 0.689078 6.936946 4.977113 2.602089 3.237746 -1.541510 -1.235243 0.401541 42.630733 2.738583 -5.019866 -4.942287 -5.922589 0.533508 7.944085 3.383299 -0.437739 -2.769384 -1.407631 -3.760812 -1.458579 3.450040 5.713712 0.764342 -2.389855 2.498711 41.984251 35.357778 41.267067 2.259867 -3.111653 1.793902 -2.986180 -0.535854 -6.246167 -5.171467 1.020132 -9.273223 -5.127534 2.121739 4.229289 0.363727 0.514940 3.507024 -2.199839 0.488743 3.000505 3.611415 -7.357883 -5.972972 0.710662 -1.089906 4.865061 39.820494 41.930417 39.537766 -4.267349 -6.315813 38.081427 36.533334 38.861812 39.003026 48.696458 6.230477 2.617997 -2.580390 -0.082508 2.214982 1.376872 1.483187 1.478264 8.896634 43.005800 5.659841 5.994074 1.359259 3.923849 3.374021 0.555540 51.545275 -2.042384 6.181236 -4.596977 39.841737 8.539108 -2.538410 2.806402 -1.819051 1.654277 43.346087 38.989873 45.786770 -3.219866 -1.735391 -0.950879 2.252825
4.475363 3.892714 3.831614 -5.110318 -6.875967 -1.626706 91.301743 39.850688 41.284224 29.203491 40.616248 32.564057 43.416363 -2.211530 6.170426 3.571273 5.157621 -2.626910 5.882220 6.608790 5.342566 -6.741707 2.567559 -3.876445 0.733892 0.931138 -3.031932 2.329337 -1.916167 -3.833966 -3.369255 -2.092347 0.257002 -1.207812 3.216217 1.012681 -1.634968 5.791087 -2.000508 2.888322 4.912681 7.863311 2.822576 -0.504014 0.106526 -0.806384 1.256358 1.678375 -6.152202 -1.794622 8.657572 -0.773076 -1.998022 1.769829 -1.815926 -4.442537 1.285990 -3.018667 -2.475066 3.701907 1.401414 2.310576 0.617206 -0.928786 -2.718090 1.140261 -2.270640 2.832836 -1.402255 0.726479 -1.609593 1.337507 -3.371034 -2.096257 -6.369452 -5.668159 8.458091 4.840623 10.226890 4.258156 -0.438771 -1.501361 2.570296 4.331278 -4.851601 -2.456200 0.492422 -4.861433 3.208177 0.096399 7.733832 -3.111272 -4.177747 5.824051 -3.083096 -1.584921 8.190606 0.782756 1.440234 1.722156 0.393650 -3.947716 1.558520 3.137247 0.131315 0.867879 3.673197 6.478618 -3.856334 0.194066 -4.026295 -7.762268 0.122435 40.325899 41.039679 35.759548 49.800299 46.935742 -3.934466 4.506269 6.623536 -1.318080 1.037185 -2.385964 -0.763665 -1.176724 -0.845335 -1.622057 -0.922488 -6.022631 -2.896792 1.941420 3.550061 0.935535 -6.385173 -3.376648 1.482314 2.413875 -3.148684 2.498158 -7.368659 -4.185796 2.965379 3.092195 -5.291290 -3.960642 -1.566003 1.503908 6.763164 4.935575 -3.915652 -6.675558 0.946782 -2.846678 2.277086 -4.547356 2.971264 -0.441163 1.364169 3.228783 44.209208 35.935641 6.664048 2.495486 -1.887187 -2.757299 0.775823 -0.729263 0.575424 4.052764 2.473461 -8.372882 -0.878332 0.703388 1.570320 -10.178146 -7.904720 34.681921 39.046979 41.902436 36.723068 38.853362 36.830179 -1.352597 -4.383456 0.817720 -0.668148 -0.408437 37.851562 35.580300 37.262563 37.916154 32.626170 5.186982 1.561993 -7.248390 -1.160783 -3.215495 -3.634852 -4.180822
-1.016004 -0.443966 -1.215626 -2.696808 1.083858 3.219578 39.850688 96.842467 45.434066 54.024878 39.967580 35.250072 33.833096 1.271907 -1.071187 1.316150 -1.224410 -2.438186 2.299224 3.112048 2.298381 1.699268 2.216970 4.542281 -5.097292 -1.604182 -3.585780 -2.277294 -5.952062 -3.799716 5.339174 3.942185 2.339840 -4.701183 -4.761872 0.072949 2.737550 -0.815771 5.207725 -2.390908 1.966143 0.040054 0.386842 -1.377305 -3.225240 -0.585988 2.048683 0.902988 -2.938514 -0.777018 0.934389 -3.401147 0.608331 11.337211 -1.772516 6.885920 -3.464188 -0.155055 3.114016 1.205004 0.917308 -0.126413 -1.603161 1.906610 -1.737925 -2.887135 1.453470 1.927466 1.197495 -5.599558 -0.738061 -6.271475 3.878644 3.212519 -0.704259 -0.035605 -5.051023 0.001734 1.772369 9.117523 4.944388 -5.152510 3.240673 -2.769173 -1.479811 -0.688730 1.309065 0.736125 6.286932 4.731583 3.171506 1.599041 -4.899336 6.776896 6.971613 -3.166131 -5.834409 1.154783 -2.386934 -4.789919 -1.011950 5.232684 5.655044 3.196633 3.831899 -7.387550 2.869573 11.399824 -3.129500 -3.618689 -1.504430 -6.439330 -5.472887 41.503087 47.504611 40.433192 40.522123 46.526277 6.185482 5.659809 -0.498894 -2.203602 -7.762305 -3.974162 -2.485964 5.725688 5.216459 -2.061929 0.329984 0.318999 3.973704 3.704246 -4.544069 -4.466945 5.306887 3.006792 -5.481772 8.874485 -1.381907 3.796087 7.815400 9.595443 -6.867930 0.504271 -0.065870 -3.220567 7.030746 -0.617312 -1.178298 -5.730824 0.773339 -1.902945 1.515409 -0.028404 4.312444 -1.472012 -3.767848 0.396836 -3.106045 2.875152 34.533183 35.408370 1.501564 3.435387 5.202003 -6.499989 0.731259 3.660143 2.857339 0.392507 -2.077422 4.265981 -1.027845 2.196185 -0.475243 7.858591 5.954529 40.065132 36.831619 55.148178 36.716945 48.952479 45.574377 -1.082508 4.617753 1.446058 0.807901 -5.385322 38.229641 43.035942 40.636530 38.122515 33.667568 -2.855015 -9.119103 -3.524090 2.122615 3.584094 -7.205524 -5.340745
-0.745684 4.413982 -4.515346 6.103828 -5.599592 0.060323 41.284224 45.434066 104.245144 38.901258 41.870294 36.644061 39.947310 -6.398211 0.666966 5.523681 -2.952450 4.044371 0.399905 4.499746 -1.599010 2.526965 3.080805 -0.855205 2.360672 -1.229236 0.972443 3.626215 4.101970 12.341749 -5.853619 4.280261 -0.880077 -1.628407 -12.176328 -0.128053 -2.484787 -4.144665 6.620202 5.863143 -7.964055 2.126001 -3.734976 -2.206836 -2.341197 -2.340347 0.872934 2.214593 -3.629253 -0.225963 2.968226 -4.213713 2.629870 4.050517 7.552857 -0.464907 5.122190 1.097444 5.614941 0.393039 2.020992 1.642167 -5.285487 0.837423 1.313738 5.963667 5.684696 4.610801 -2.682700 2.911573 3.614386 5.487406 0.875085 1.307582 4.245147 1.406014 -0.458998 -0.164192 3.923518 0.622205 4.807888 1.348885 -5.095142 -1.334267 0.235879 -2.288584 -4.491236 4.386754 3.389341 -1.173929 -1.443602 -4.352862 -2.456593 0.538120 -0.444568 -0.118922 -0.987974 -2.683206 9.342964 4.570926 -0.291320 -0.564383 -2.940686 -1.427040 -1.038097 -0.475412 -4.535783 -0.311536 4.124373 3.250075 -5.379154 1.466675 2.997196 50.714438 45.242098 46.948340 47.908704 47.409743 -2.503462 2.472514 3.160977 -2.583309 2.997139 0.238662 -2.371522 -1.681315 -2.712459 -0.281127 2.655334 -2.702028 -0.360599 -3.963805 -0.980572 -0.103454 2.008476 3.087290 2.277640 1.844543 3.084524 0.381456 10.629781 8.968891 -2.128770 -1.179357 1.219414 2.745214 0.365023 2.318683 5.644009 -4.221928 -1.981389 8.554398 -5.497908 5.109988 1.678871 1.652230 -1.860133 6.199632 4.047824 9.524543 42.783689 52.607833 4.143429 3.759263 2.088808 7.218296 -8.320654 4.786209 5.278668 2.111672 -0.271184 3.540858 -1.469237 -6.600490 -2.987525 -1.527491 -0.477123 47.271423 46.276506 57.666060 45.911922 48.191396 47.583717 -0.867562 -3.695368 6.904519 2.811197 -7.002684 39.407126 38.052686 46.253924 50.805786 43.013650 3.780199 2.830628 -3.437379 -2.442208 0.091535 -6.161230 -2.597869
-3.540744 0.296915 4.440758 -8.099335 4.856418 -1.421463 29.203491 54.024878 38.901258 97.280909 38.500414 44.932660 36.620945 1.147665 -0.433307 -0.792394 6.894912 -3.303480 -1.279424 -0.752503 -5.496996 -6.205807 -0.482038 1.671518 -3.307502 1.659034 -3.262611 -4.336894 -0.959293 5.533882 -4.096687 1.937189 2.920090 5.318336 3.348589 -6.325002 1.608646 -3.965514 6.166847 -0.177432 0.882549 2.263754 -2.161617 -0.483205 -7.319948 0.584853 -3.778470 2.376655 -5.521591 7.841983 -2.170193 -0.842912 -0.019329 8.328345 0.205055 -0.310217 -1.490744 -1.665379 -4.672239 -0.600548 -3.615365 1.282784 -2.365459 -1.623886 -6.369621 -4.379693 8.065506 3.528558 -4.348158 -1.243841 1.513000 1.938697 6.699009 -0.482933 -5.005995 0.231391 -2.267092 2.235478 -1.243091 8.141174 -2.633742 0.296917 -4.888207 -0.196483 0.660153 -1.250770 1.967464 -2.026794 -0.782445 2.952309 -0.592703 0.575132 -3.715278 4.450734 3.676868 4.607072 0.898764 2.438459 -3.611756 -5.206742 0.919661 3.016200 -5.983545 0.830894 -1.976522 6.643047 2.035684 8.837501 -3.315833 -5.855707 4.084682 3.870291 1.640015 49.894847 43.746495 40.566854 39.179392 31.858511 4.450251 -3.735659 3.079759 5.703569 3.550973 -0.338115 -2.491993 1.814528 -7.272497 6.799897 2.132707 -3.786071 1.900387 5.569998 -4.780511 -0.487943 -3.121574 -4.156443 2.469018 5.606008 1.578241 4.915904 3.533320 2.387494 3.885247 3.486069 -0.447916 -2.732652 -0.149714 -0.560323 -4.505258 -0.990847 -0.745635 1.802928 1.281433 -0.606771 -5.470735 -2.844541 8.266721 0.440980 -4.684459 -0.926270 34.195794 39.967129 -3.864364 -4.389722 -2.043889 -0.029175 -2.846084 1.730301 -4.025393 0.393850 -0.984916 -0.603072 -2.163362 -0.949251 -6.164583 1.578817 1.516879 29.264675 35.360317 53.349508 46.338150 45.655517 39.297289 2.004915 2.178424 -1.235952 3.131581 -2.583767 39.354008 38.725324 43.149848 42.504373 40.090179 -10.473488 -5.682838 11.795131 8.776923 3.655152 -10.045135 -2.623014
-5.388683 6.104331 -2.666297 1.678840 -5.980275 6.544569 40.616248 39.967580 41.870294 38.500414 98.105996 36.482873 41.496962 -4.879875 1.433917 -2.800162 -1.171601 -2.177021 12.705998 1.043014 0.394064 -1.907959 2.091351 0.812605 -2.884795 4.213302 -0.381988 -1.677898 4.246369 5.865464 -2.185697 -1.221190 -3.225989 -3.713602 1.284919 0.079277 5.854029 3.656464 4.154484 5.654787 -6.122911 -0.374448 -2.011912 4.063068 -1.960283 7.439034 5.429633 -1.837454 1.541988 -0.575363 -0.019679 5.273980 4.998742 -3.156511 -4.411405 7.458136 5.034754 -4.493532 1.576704 -3.564520 -3.913625 -0.096651 5.601445 -1.666568 -2.889773 -0.517457 -1.175364 -3.536704 0.864543 -1.755493 -2.918233 -6.788095 6.708684 -2.982298 5.017969 -3.249346 -1.135119 -8.228083 5.994864 -1.311542 4.112145 -0.386028 8.642951 -2.150825 -0.010248 5.142594 0.332353 0.613628 2.813647 -2.010008 -1.610782 2.159478 6.500351 -0.400177 1.257972 3.698697 3.303790 -0.958121 11.913003 3.850833 2.698337 -1.586148 1.164234 7.295222 8.337875 6.497734 4.446616 1.441863 -1.404002 -5.018589 3.822823 -0.573116 -8.176815 36.323527 41.479084 47.920371 48.421290 50.709865 -2.016577 4.343193 3.174558 0.972760 -0.122969 -0.635740 -7.592531 3.587323 4.226153 -4.783448 -1.804360 0.823517 1.556621 -5.033979 -5.107908 -2.071008 -7.625875 -8.715668 4.098412 8.550346 5.479019 -4.244642 -3.171035 5.401620 5.886238 0.556612 3.622776 -3.402010 3.640471 2.440078 4.898156 1.507857 -1.830484 4.587313 7.426834 2.979214 6.751171 1.522602 -5.777556 -4.808871 -7.789745 4.596399 29.038262 36.533139 4.734736 3.714341 4.669375 -3.982015 -8.200347 3.517135 7.332114 -2.239168 -0.046778 3.735804 -1.163745 2.461949 -5.560840 -4.258997 -1.632975 40.716684 49.455784 47.344127 37.539590 49.925950 35.786899 2.614794 6.064552 2.446295 0.323994 0.222323 45.016919 35.469229 45.224497 48.157378 37.310598 -4.628822 1.760543 -1.054912 0.920354 -4.265367 0.632644 -1.017901
-0.563701 -0.782517 4.268280 -0.328131 -5.390619 -4.625412 32.564057 35.250072 36.644061 44.932660 36.482873 99.892902 44.382754 -7.643473 6.782450 0.157931 -0.703419 -4.018221 -0.387710 10.293095 5.824513 0.954025 -3.923638 4.043116 -6.028275 -0.172867 0.190056 -1.295732 -8.488109 -1.881963 0.615786 0.274152 -4.086083 -5.915193 -3.698186 1.236957 -1.459769 2.579123 5.043855 6.588665 2.587480 -0.256743 1.600863 0.569771 -0.009081 -0.139392 2.718136 2.744558 3.919580 0.552446 -1.960904 -3.310198 3.235122 3.161842 -3.785697 9.752476 -2.281587 -2.569480 -1.171312 3.745143 0.407251 0.350006 0.220614 -1.158226 -1.756744 1.883187 6.535395 3.979842 9.588912 -4.312456 1.200203 6.692019 2.917116 -0.229092 0.441162 5.078798 0.698250 -1.267839 2.984241 -5.685213 -8.364565 4.529920 0.060487 1.715229 -0.103789 1.154417 -2.315024 0.915212 -1.190260 2.754268 1.329901 -3.434998 0.365406 -4.368584 -2.983380 3.271151 8.684759 5.180892 -1.602551 -6.879404 4.644918 -1.642019 -0.047015 3.010442 -1.546916 -1.582807 1.373210 -1.454614 1.130306 -0.675037 -3.796796 0.432669 5.590941 37.667438 44.932178 40.296772 52.763162 46.535555 -7.218279 0.745142 4.203926 3.920592 1.619619 7.575592 4.847650 1.573867 -4.674694 0.767791 6.308739 0.501727 -5.300387 -3.897888 -2.133094 -5.931561 3.143885 -2.403758 1.980986 -1.454441 3.935000 -7.188855 6.785052 -1.715371 7.661961 -2.382598 4.416706 -3.912814 4.859407 1.276058 5.349609 3.126825 1.813075 -0.715663 -2.501183 -1.742672 1.251714 0.141556 0.589458 5.033376 11.605734 2.352350 44.434868 41.506319 0.827218 -1.282446 -2.021681 -0.121087 -0.941652 -0.920753 -2.805883 -4.691282 0.185924 0.889900 -1.522542 -2.483157 -2.919848 -2.737079 -4.221550 43.013897 46.710149 54.377308 46.190768 40.393200 39.751650 -1.135690 2.360692 -0.187655 4.014133 -2.383737 38.590682 34.295512 43.567221 45.929428 35.654292 -2.669423 -7.638750 5.038718 3.291008 4.865290 0.738003 -1.128429
-5.574675 5.044975 0.285583 2.693687 -5.335332 -3.318775 43.416363 33.833096 39.947310 36.620945 41.496962 44.382754 99.347733 -4.346900 2.844968 -1.834650 -3.086568 -7.487137 0.099117 0.998124 -1.791896 -4.583998 1.897770 0.290512 -2.271574 6.927768 0.532309 3.753569 2.527929 -1.645105 -2.786354 -4.052705 0.152700 -7.320652 -2.741926 -0.350739 -0.881726 -0.980952 -7.543774 -2.682796 3.716171 0.184059 0.515215 1.379507 -0.880135 2.210479 -7.684744 -0.508164 -2.008329 -5.863513 -3.462987 6.184897 4.928918 4.532240 6.609963 -1.154735 3.808911 -4.402658 1.253426 -2.171836 -3.134807 -2.161609 2.334631 4.451012 -4.035898 -2.234676 3.581962 2.401472 7.573354 -4.202344 2.857409 0.454184 -3.202410 -2.055177 -1.229130 1.445220 10.266195 0.189410 -4.458370 -1.435435 4.788799 -0.644029 -2.159229 -1.563206 -1.213007 1.273900 -2.034197 -2.466970 -2.454010 6.289269 3.219356 -0.276888 -0.225376 1.043872 0.034277 1.067927 5.999248 -5.184175 1.755586 -0.216593 2.130282 5.209983 0.071456 -0.358169 2.273924 -5.015812 0.571181 -4.965894 -3.983141 -1.748064 5.135336 2.887315 4.447303 40.611194 33.848438 48.750237 51.507377 37.596044 -1.858995 -1.870738 1.308282 1.292869 -1.429697 -0.650638 7.744734 -2.688244 -6.593827 -2.610824 -10.059745 6.513832 -3.714239 1.723945 -1.211864 -5.325978 7.961959 7.277601 -4.022190 2.402696 -0.244522 3.858729 0.541749 1.012385 5.587496 -0.333060 -0.159174 0.565588 3.742318 0.399052 -2.781621 -0.980518 -6.271948 -1.298838 0.737567 2.709747 0.355346 -3.668578 5.015905 -1.857721 0.160776 1.278195 38.244346 46.541819 2.943630 3.886423 -1.812933 -2.743642 6.322664 -2.725430 -4.360471 -5.034958 0.568095 1.802229 0.378334 -1.084922 0.849458 -2.683407 0.669586 40.320113 41.541916 49.497338 31.885131 49.516571 44.271071 5.921485 3.278727 -0.579628 1.233658 1.031784 42.245620 36.805181 48.993612 47.593211 35.664797 1.414733 3.217225 -4.849611 -4.530693 3.538163 -1.447857 -1.907997
0.223550 0.676156 0.618600 -2.829067 37.434371 40.158420 -2.211530 1.271907 -6.398211 1.147665 -4.879875 -7.643473 -4.346900 93.384892 35.093481 -6.380667 0.170542 5.670052 3.801157 -3.736497 -2.966452 -5.243191 0.411840 2.695098 -2.573317 7.144468 -1.214040 -4.493035 3.078453 -1.352068 -6.544823 -3.366568 4.188635 -0.185369 4.544011 -3.283510 2.938126 -4.780943 2.874382 -6.912120 -3.708440 -3.510516 -4.290934 -0.236179 5.668820 2.118697 -3.645137 1.615419 -4.163344 -5.383013 6.200600 3.465872 -1.383928 1.816724 1.745452 -1.301765 3.928222 0.093043 6.318314 -2.714652 0.759812 -1.638787 -1.248190 -3.433457 -6.757503 -4.085827 0.903990 3.124915 -1.379183 0.570023 4.147420 -1.371627 -2.811462 4.861511 4.328756 5.653215 31.676382 35.745448 40.365491 -0.144844 -2.947856 -0.832029 4.694493 1.899185 -5.870148 3.939122 -2.344903 -1.175947 -1.677474 -0.537127 -0.421066 2.353584 -6.032712 6.792866 -3.701895 0.266263 -1.695975 3.988346 4.830871 -1.375136 2.673304 -3.542359 -4.123786 -2.873463 -8.553058 2.096503 -7.216042 1.042847 -3.152836 -3.901292 -2.915707 4.056418 43.781062 -0.670593 -1.304096 -7.531239 -2.859844 -0.640823 0.975316 -8.077665 -1.427323 -4.051596 4.263878 1.400983 -2.674631 -2.414579 -5.663737 11.052372 8.546758 -4.723065 37.264390 41.424721 42.672405 1.663095 -2.300424 8.657215 -1.968863 -4.021958 -1.259393 -3.500538 7.309745 6.352551 -2.918139 6.461429 -2.150899 3.786447 -1.208724 -6.908753 -6.148280 0.971085 4.121322 0.549045 -1.344681 0.800734 4.452439 3.816755 -3.539601 29.803387 34.689173 47.558836 -6.007117 -6.760378 37.405953 37.300483 29.635802 42.532690 42.546893 1.969679 0.470358 1.393574 -0.230664 3.115476 6.660460 2.121038 4.778641 1.796031 35.082663 2.585423 -0.400041 -0.435888 4.986335 -5.699362 1.559259 51.171620 1.696565 2.760180 -5.327523 38.030821 -3.817126 -0.920713 2.163263 -4.183115 -2.197247 36.444357 39.665886 44.999607 3.705366 -4.254922 12.191639 1.876358
-0.500143 -1.463062 -4.838055 0.894211 30.340580 35.798752 6.170426 -1.071187 0.666966 -0.433307 1.433917 6.782450 2.844968 35.093481 89.658621 2.850275 -4.716212 -1.313649 6.601146 4.897611 5.518840 -2.035147 6.385475 -5.677934 -0.635041 4.768465 1.241745 3.145814 -2.306877 4.716548 -3.539576 -3.537498 -1.562231 -8.161085 -0.496079 1.293979 -1.166104 -2.350565 1.202643 0.481681 5.311082 0.609235 5.080056 -3.787227 -1.460729 -1.160912 5.723150 1.168855 -1.546459 1.064505 4.826817 -0.008945 8.266202 -2.821415 0.532676 4.751272 -2.963813 2.901524 0.371837 -1.957127 4.238386 -2.068671 1.629145 0.322131 -4.890508 -1.281955 0.113153 1.769478 4.969943 -5.306730 -0.595661 3.707401 2.985091 -4.200054 -0.847634 3.142995 36.824651 44.547634 40.746073 2.447104 6.589205 2.146606 -4.115363 -4.127059 -2.247461 4.316729 0.484679 0.201880 -4.655502 -6.377271 -1.336074 -3.060788 -5.394873 3.631226 -1.603612 1.667890 -3.141483 -0.358320 -2.211010 6.160487 2.094111 -2.931635 -1.279434 -2.341149 0.846215 8.008508 -1.590087 7.101276 4.555926 0.880712 -7.915215 -3.176858 34.777310 -1.118362 3.908972 -3.398800 -11.255747 -3.605711 4.308096 -0.342490 6.090002 0.018951 3.251175 4.418849 4.064127 1.283343 -0.145446 -1.418939 -6.837955 2.053822 35.022920 44.220967 35.704398 -4.631824 -5.619123 3.673293 5.146360 5.136938 -4.137813 3.464335 -4.561342 4.608946 -1.869794 -4.339618 3.587578 0.783975 -0.777638 -1.793352 3.624244 3.547330 -0.939701 -0.151422 -2.754805 0.423117 2.282703 -0.620444 6.195566 34.906452 31.534816 40.889008 -5.496293 -5.212760 37.104877 42.649660 42.777455 29.254841 29.787817 3.802727 0.205769 -6.300264 4.663966 -3.214992 1.700667 -3.169963 5.066002 -2.860912 24.564940 1.266719 -2.552835 1.019914 -0.567768 -4.687181 -7.983074 33.974228 3.620584 -8.114031 -3.206618 37.804330 -2.599704 -8.233801 4.965670 -6.935047 -1.726766 33.700312 38.444892 32.801298 2.266711 -3.642617 0.084350 -5.281010
41.507276 36.058143 1.749075 4.367767 1.810703 -4.037985 3.571273 1.316150 5.523681 -0.792394 -2.800162 0.157931 -1.834650 -6.380667 2.850275 101.849745 2.319927 3.288679 5.325856 5.116826 -2.925409 -0.490884 -1.930415 7.503063 3.653001 5.046413 1.678386 1.774643 0.113887 40.708077 2.010655 -2.601347 35.880674 38.188832 -1.164252 7.170807 -1.772535 2.705925 -0.065609 -3.294877 -0.420315 1.002537 0.938400 -2.331132 2.207829 2.852083 0.821119 2.454702 0.250495 -2.050045 4.227629 8.527957 38.465281 49.452732 35.345438 40.580997 2.612303 1.577863 1.081782 -0.184658 2.066030 3.614450 -5.726140 -1.996417 3.099799 3.312968 -0.001029 -0.025809 5.790076 -1.804451 1.825111 7.866523 0.450495 0.639201 34.979467 -2.198101 8.040289 -0.943308 -3.698988 -2.635881 42.016712 0.458102 -3.922038 -2.380490 0.909798 -4.508629 5.047483 -1.114228 -1.958311 -4.247881 -1.106328 -1.770243 3.099367 1.012536 0.180851 0.663183 -5.484423 13.968263 35.766881 37.561214 2.014447 1.531655 -7.824841 49.278676 43.013684 -4.385774 6.153502 4.254996 3.904825 8.076741 4.297301 32.419934 0.363745 1.504382 -0.000924 4.385493 -0.327862 0.285937 37.425369 3.406304 0.185118 -4.518229 2.457389 0.350316 4.002213 6.652392 -2.011860 -3.033362 37.398889 -2.099118 3.966772 -2.659602 -6.139158 -6.880480 -3.925096 4.565029 44.930503 3.924729 0.373349 8.764321 0.299692 -1.851367 37.230729 1.800980 -5.652414 -2.402212 0.034437 -4.914615 5.069133 3.722305 4.031609 4.294342 -1.610734 0.751790 2.430893 38.212565 1.819939 -0.159822 11.008107 4.501147 0.216504 6.698178 -0.148272 -5.169567 -2.620537 -2.010121 2.238262 -5.985370 33.161229 4.417096 1.934710 2.670303 3.795564 -4.868771 0.783890 1.842474 1.157631 -2.846185 -0.780927 -0.115095 1.210123 -2.437312 -4.684587 -3.469660 2.232218 -1.912099 5.316594 -2.554755 -7.322295 2.293103 -3.282698 -6.540398 -2.397769 2.835568 2.423745 1.070982 -4.300513 -5.379341 34.850552 31.016616
-1.202383 1.220169 -2.548130 -7.889912 0.031218 -0.572191 5.157621 -1.224410 -2.952450 6.894912 -1.171601 -0.703419 -3.086568 0.170542 -4.716212 2.319927 100.340962 42.101830 -3.408298 -1.836299 -5.344455 -0.269274 -4.079265 -3.789339 0.217714 4.899084 1.429874 -0.473193 44.701217 2.911279 -0.163998 -4.158427 4.783445 -1.729674 35.246649 -1.377627 -3.141163 1.035385 0.065629 2.657574 4.070513 1.807969 3.044166 5.907254 4.403765 0.617032 -2.695301 32.327346 35.848016 37.393128 31.434330 32.951118 5.820048 2.379123 0.693084 0.609514 37.148971 5.626934 -2.824762 3.075508 -2.680359 1.447067 0.380735 -0.111462 0.399621 -1.134590 2.836633 2.269993 -0.693679 0.622203 4.556785 5.521458 0.155012 35.311356 0.615204 0.722289 -2.382260 -4.345337 4.882186 5.895427 -0.628582 37.974110 0.171258 5.436965 -8.933058 0.212888 -1.215228 4.546697 0.318139 1.704030 -6.016201 -2.688305 3.674355 28.568331 33.206200 39.085136 43.362842 43.494504 2.127335 5.571769 -0.594819 -1.474903 2.005684 11.926643 1.030183 40.008650 4.730439 -1.790250 -6.549803 2.665518 42.852891 -7.055633 2.148907 5.513430 -2.105352 -1.248348 6.845887 -4.176409 7.536790 1.680688 -2.056440 5.310524 -1.930492 2.946832 2.025963 -2.448860 -1.537118 35.266242 0.072089 -5.599141 0.458175 5.064430 -1.162900 4.449593 6.773092 1.878989 3.419896 -7.676032 -11.245382 8.233741 -4.674884 -12.378194 -6.299826 42.964894 -2.745258 0.606728 1.608947 -2.159389 0.475786 4.452625 5.413110 -0.603246 4.303404 35.118492 35.325453 0.269571 -2.428249 2.514740 -4.453668 5.460629 5.452706 -10.696852 7.615788 1.010469 2.364960 5.770553 8.548874 2.805597 -1.177198 39.905523 1.805859 0.345969 0.513710 1.281886 3.741661 40.853373 -1.463180 3.945721 -2.469270 0.140276 4.849193 0.304182 -3.407559 -4.615511 2.554902 1.777830 -2.039778 -0.971864 7.667487 3.124153 -5.094912 0.623195 -3.185687 -2.518649 5.961241 1.396844 2.259517 6.249481 1.777037 5.431998
-2.310516 -1.005581 -3.765070 -2.853186 2.461675 -0.933984 -2.626910 -2.438186 4.044371 -3.303480 -2.177021 -4.018221 -7.487137 5.670052 -1.313649 3.288679 42.101830 78.016690 0.455208 -1.652664 -0.457012 -5.049708 3.184372 5.775333 -6.490274 4.268500 -0.044966 -1.147819 34.187823 4.529204 -3.211490 -5.565781 -1.056644 -7.649070 38.264945 0.420306 -0.665942 -3.726816 -1.843662 0.778135 0.698296 -4.210383 0.201812 -1.881995 -1.234165 -2.932326 -1.429249 31.840593 27.744996 38.045749 34.181167 35.610009 -5.084653 -1.259176 1.002593 5.553834 32.812049 2.690932 -0.704027 1.038697 0.334888 5.266842 1.591322 1.421372 4.443687 3.773699 0.709736 -0.417485 2.533596 -0.174942 2.499663 4.818694 -3.875213 29.212644 0.171055 -0.137344 -0.512818 1.403354 -2.483278 3.792146 -0.465286 27.649737 0.101451 -1.642444 -5.741228 -3.627037 -1.491402 0.255822 1.972322 3.143347 -2.030751 -3.012652 -2.206485 29.000875 28.681833 33.091738 30.622076 30.358995 -3.608963 -2.806217 -0.637102 -7.075892 -1.884009 -1.165523 0.781517 35.245958 7.039396 0.097208 4.196415 0.962365 27.205236 -7.017671 -2.192930 0.834177 4.838711 0.293370 -1.062485 5.712662 -0.793553 -2.960114 -2.623952 -0.051016 0.438255 4.768433 -0.193107 -4.022722 3.096130 29.838203 0.753243 -7.340150 -2.980781 5.608661 0.465155 -2.242359 -2.176287 2.072328 -2.419128 3.307821 2.082712 -6.139911 -1.332935 -1.565592 3.479092 33.182116 0.514703 -4.609199 -0.200584 -3.095624 -3.884616 -3.434002 2.220422 -0.479443 0.773332 33.811965 30.538807 2.785944 0.007022 -2.179526 -0.527326 2.998042 -0.764291 -5.445422 2.717493 -8.083292 -6.266567 5.742508 -1.924787 0.861225 -0.867291 34.362070 -5.908979 0.097876 3.823767 -0.647416 -4.274489 32.665250 -0.189731 -2.158879 -1.623496 -6.474394 -4.744520 1.036124 -0.217451 -3.926633 2.375476 5.555266 -1.401132 -1.222932 0.769662 -0.493835 4.163032 8.304370 3.896339 -0.675310 -4.297917 1.492099 -1.478932 -4.885182 1.472882 3.273251
-0.777090 -0.291123 1.809591 -3.947192 2.783479 -1.155403 5.882220 2.299224 0.399905 -1.279424 12.705998 -0.387710 0.099117 3.801157 6.601146 5.325856 -3.408298 0.455208 63.189617 28.551878 -2.235482 1.429075 -1.440129 -0.653664 -1.280425 0.996138 24.163710 32.208828 1.953921 0.962698 -1.896809 -3.550201 2.337307 -4.140166 1.336433 24.005503 28.061009 -0.770736 1.815194 -1.624372 3.665571 0.276180 -4.433057 -2.535563 -0.274965 24.846991 25.269301 -1.965290 -2.652571 -4.101160 -3.709466 0.715545 -4.423405 -3.974188 -1.321963 -2.674216 3.408033 24.547661 22.867031 -4.832177 -2.098720 3.770276 4.226853 -1.498352 3.545801 2.337095 -0.114024 0.246813 -3.582083 2.217208 -0.413412 -7.730703 27.893414 0.235023 4.545265 0.315451 9.947401 3.956465 0.941015 -7.839281 -1.715414 -4.145531 24.826655 -3.304888 1.617964 2.596204 1.021042 2.487354 0.494111 -1.657932 -2.100764 -5.498180 28.055546 0.589538 0.621325 1.544061 1.013162 -2.760506 -4.515478 -2.205180 0.673456 -1.016876 4.395947 -6.403688 -0.695727 -1.886817 20.930413 30.594682 31.329599 20.881413 -1.283602 -1.771837 -1.811167 -4.026059 -4.973953 -6.104044 -2.334868 2.437896 2.635794 30.729056 -2.511348 0.042409 3.146909 -4.126130 0.181644 22.924892 25.241097 -2.626971 -3.699665 -5.369061 8.045647 -0.303679 2.290784 -6.313896 -3.379283 -0.950916 -2.072081 5.339438 0.894580 -1.141060 4.313686 4.144620 0.375642 0.322731 28.672551 -7.585545 -1.329745 2.848629 0.709039 -1.553359 -0.194312 22.816817 33.645265 1.009618 -1.431272 -2.038093 0.965770 2.141587 2.686314 3.638604 -2.582200 -5.219203 -1.607676 0.376872 0.026547 0.678903 -6.222710 3.074299 2.588565 1.280746 27.574358 3.633784 2.511728 0.176411 23.321377 4.196064 -2.533480 1.804636 4.637124 6.485362 2.178133 -3.185863 -0.425186 -3.401059 3.922565 3.749382 3.820251 2.410581 3.196177 1.110601 3.655841 0.598820 3.897956 3.270292 10.452419 3.551395 2.846409 -5.483632 2.279596 -0.120006
7.103156 -1.968381 -0.354836 3.296930 3.690049 4.609710 6.608790 3.112048 4.499746 -0.752503 1.043014 10.293095 0.998124 -3.736497 4.897611 5.116826 -1.836299 -1.652664 28.551878 59.771369 0.744026 0.587786 -4.571881 2.249180 2.606117 -0.010164 20.155790 35.497604 -1.639005 5.585300 1.112594 3.070235 -6.205844 -1.684729 -0.481163 25.077047 28.219074 1.148683 3.954037 0.077628 1.059901 -5.028339 2.477834 -1.336923 -1.538036 24.942577 25.614787 -0.921930 3.070749 -1.987654 -2.350777 4.369314 7.270751 1.744046 -6.826274 3.691078 -1.001691 25.923965 28.340854 3.585025 5.133289 5.426454 -0.981982 -0.341516 -0.559375 0.855002 -2.990731 0.747163 -3.327336 5.975947 3.039140 -1.599559 24.747446 -5.190091 0.406203 2.565788 -5.287999 4.353613 2.999881 -4.760972 3.045576 0.801893 21.317480 -1.522954 -1.821448 1.065633 -1.387954 2.083901 -2.779252 0.523935 -5.221586 -1.507222 23.658573 -1.064203 -2.411762 0.269268 -2.119215 -4.694643 -1.013382 -4.624427 -6.147785 -3.663124 0.298531 3.247370 1.484278 4.233482 25.646671 29.734164 30.320859 16.307561 0.682886 -2.518174 -4.669054 -2.181520 9.930357 7.742598 -0.274790 1.276848 1.607560 30.990725 1.028538 3.105206 -0.798265 2.532121 5.210045 20.939801 30.124087 0.094030 -2.538694 -3.311126 -3.086157 -4.125163 -1.518196 -1.933329 0.494169 -2.486118 1.851516 -3.140355 -4.861188 -2.147650 -3.632577 0.927911 3.027181 0.461473 26.912415 -0.954435 -0.717843 -0.515688 -1.417425 1.409358 0.091956 22.161144 27.166463 -1.420525 2.776458 -2.222002 -0.534659 -4.298140 1.729037 0.680416 7.081166 0.938166 4.412818 2.604882 -0.953504 -5.620126 -5.264864 -3.416694 1.306654 4.790640 21.740868 2.986724 -0.533476 -1.311676 28.405208 -0.423414 -5.578143 5.944752 4.146722 0.835664 4.682862 2.758720 -0.470738 -4.927299 -0.520109 1.878632 0.575184 -5.695783 1.908423 5.936436 -0.856122 1.205517 0.881609 -1.204604 0.602931 -0.062021 -3.521765 -0.979179 7.954274 -0.387991
