# 协方差矩阵（对角线方差=25-144）
# 基于分组相关性矩阵生成
89.108939 35.527674 41.969675 55.081182 55.618810 40.160968 56.413698 47.207178 48.522952 3.436149 -2.199584 1.029601 -5.127056 0.105339 -4.089407 -0.180411 -2.988251 2.960214 12.198775 2.269850 -1.287775 -16.321004 -0.661713 -2.658936 4.516390 2.582334 2.391425 6.612185 -1.819934 -2.228245 0.907092 4.938340 1.808527 -5.380389 0.062226 -6.692033 -7.320234 3.612733 -2.714343 -0.434806 -5.367562 -4.617713 1.235080 2.039477 -4.914400 1.473793 -4.249496 3.866032 41.184654 4.744714
35.527674 102.823175 59.023676 52.977492 53.144592 56.666470 52.228329 44.295597 55.496233 -5.192299 7.934582 6.132606 -3.743753 -0.247985 5.072192 -3.921940 -8.035158 2.052432 5.467746 -2.544377 4.479914 -5.428047 -14.701984 15.224185 7.748569 -1.716753 3.269490 -5.363193 -2.617102 -2.391471 4.184254 -3.477853 0.803889 -1.885287 -4.391289 3.385070 -7.304340 -1.665855 -2.872513 3.767277 -0.481652 -0.387913 -1.010738 0.890113 9.820153 -4.943805 1.114116 -4.391940 34.870643 -7.716204
41.969675 59.023676 122.838492 57.049427 62.106121 54.582709 47.412863 50.797856 45.915518 7.221447 3.647497 6.703130 4.735600 -6.123508 2.411143 -16.682711 2.288238 -2.173745 0.896110 -0.550365 -12.054137 4.147154 -4.987795 -0.820565 -0.477302 -1.662092 8.302743 -2.923316 -5.668609 1.852302 0.366462 2.244694 1.643284 4.085139 3.150527 0.527306 5.876677 -1.029975 2.975984 2.223131 13.716054 3.504791 6.238498 -0.717416 -2.253356 5.526993 -5.947664 2.674161 49.295028 -2.114385
55.081182 52.977492 57.049427 122.421509 65.862011 48.628032 38.935880 55.569223 39.878334 -5.668088 -2.641773 -4.151397 3.368905 4.965258 0.110850 1.958304 4.257946 1.631988 -3.699190 8.545467 -5.778871 9.379406 -7.024788 -0.727015 7.987448 -4.617542 2.581456 -1.073489 -5.280477 0.836410 -7.122483 -1.223229 6.504272 4.772594 -0.564422 0.373432 -4.218619 -3.350788 -4.119812 -1.245482 -0.052155 -12.224701 -5.555318 -5.078094 -2.233081 0.258416 -0.916873 0.755234 35.367242 4.837887
55.618810 53.144592 62.106121 65.862011 110.497491 62.316619 48.082057 43.034911 40.901802 6.382599 3.052037 -3.730209 -2.784526 2.353822 0.539630 2.640168 9.912565 3.460302 7.771465 -10.049828 -8.321436 -4.087439 3.151217 9.401911 -7.475339 -3.688037 -0.766616 1.322336 -1.205811 -1.437682 -4.198550 1.041598 6.442838 2.707157 -1.468778 -6.142378 7.337731 -1.531365 1.498719 4.171223 -0.463699 -4.435396 10.344442 -3.657643 11.749375 -4.501111 1.835666 -2.277293 45.688787 -3.036245
40.160968 56.666470 54.582709 48.628032 62.316619 117.367662 50.402418 40.808903 48.157722 14.741149 -2.482079 4.846535 2.296521 9.649323 -1.244368 5.276224 16.978870 -0.405086 2.714461 6.731053 -3.879047 3.133044 -2.682484 3.248696 -6.559456 7.231976 -4.310553 -4.562474 -6.596354 6.193964 1.441611 0.756889 5.209086 0.864228 -9.976766 1.349421 0.011791 0.060880 -7.246489 1.984967 -3.581355 -2.135053 -0.854602 3.839691 9.113786 -1.299964 1.592159 -4.344024 46.949754 7.689958
56.413698 52.228329 47.412863 38.935880 48.082057 50.402418 96.464660 43.767082 44.266696 1.638999 0.070635 -5.539576 2.136882 -1.343654 -2.210251 7.502538 -8.133488 -0.488165 2.108436 4.834220 -2.312384 3.152768 4.144311 4.417915 3.804600 0.704283 3.447497 -0.510954 -1.069445 -3.232905 2.760934 1.498867 3.494194 -6.889823 -8.987826 -11.423689 -4.173348 2.005577 3.477771 -5.738459 -8.020881 -0.307687 -7.239756 -0.788666 -10.015405 -0.913310 7.679869 -2.619689 45.702208 -5.829344
47.207178 44.295597 50.797856 55.569223 43.034911 40.808903 43.767082 89.434550 39.176211 4.458004 2.066426 0.853929 4.166797 5.536729 -9.253281 4.398494 -0.528104 -1.419613 1.642160 3.982487 -4.724506 1.775252 0.465677 -1.524742 -4.678237 -1.433889 0.461088 5.340291 -0.294729 -0.278709 -4.168212 5.522321 -7.755554 -0.224760 1.692840 2.161836 2.308739 2.440880 -2.176037 -3.163514 -2.062417 2.608518 6.971843 0.602660 2.024799 3.697331 7.595013 4.564749 35.582259 -5.038475
48.522952 55.496233 45.915518 39.878334 40.901802 48.157722 44.266696 39.176211 86.429828 -6.232871 1.157637 3.805931 8.968344 -1.243618 9.369805 -6.338192 7.562814 5.596251 -4.333423 -2.071811 5.634835 -1.225977 0.185589 -5.625821 6.057602 9.692231 5.881300 -1.734635 -4.815068 -6.927178 1.962231 2.137817 -1.772595 -2.750558 -0.474915 -2.570564 -3.376341 7.393580 3.481441 3.632490 7.887827 5.550086 -2.030589 0.365859 3.491603 -1.318111 -2.739334 5.637931 47.652134 1.813633
3.436149 -5.192299 7.221447 -5.668088 6.382599 14.741149 1.638999 4.458004 -6.232871 72.284968 -3.690110 -0.811943 -1.419741 -2.027665 -10.137466 39.428301 45.351169 -0.945999 7.792569 -4.466845 39.053445 33.433253 35.500026 42.771226 -2.823926 -4.309247 2.677212 1.511956 -1.186582 -0.270089 2.133705 2.071794 -1.629004 -6.520055 0.619198 -2.817370 -4.237186 -1.566267 -1.946616 -0.774252 -6.522534 1.040201 4.738706 4.530335 4.013695 -1.627651 39.339347 39.102898 -8.526282 36.264385
-2.199584 7.934582 3.647497 -2.641773 3.052037 -2.482079 0.070635 2.066426 1.157637 -3.690110 69.880624 34.772666 35.825426 30.672304 31.953321 -4.728401 10.420929 38.289880 40.578613 39.858732 8.179068 4.695947 4.729685 3.291968 40.018462 3.250053 2.773751 1.310957 -4.375810 -1.720206 -0.982395 4.829324 -1.293539 2.583760 -0.817567 3.452137 2.595647 -2.909018 0.835123 0.634423 -6.767662 7.458028 1.797715 -1.456526 -6.094413 26.928592 0.491888 2.632740 4.900420 -3.809909
1.029601 6.132606 6.703130 -4.151397 -3.730209 4.846535 -5.539576 0.853929 3.805931 -0.811943 34.772666 72.718181 38.655953 37.068971 40.121453 -0.769013 0.490292 47.056587 37.760428 30.804199 6.505107 -6.857923 -4.418793 0.246703 51.848039 0.123861 -0.755436 -3.871034 -5.620714 2.877479 2.877242 1.734335 -2.240526 1.697739 0.468701 -1.956062 0.028543 5.053837 -0.433781 -3.115505 -1.076385 5.390102 4.617854 -1.611244 -1.576282 33.721819 -6.951913 2.278161 -3.145976 -4.506067
-5.127056 -3.743753 4.735600 3.368905 -2.784526 2.296521 2.136882 4.166797 8.968344 -1.419741 35.825426 38.655953 75.654830 48.011576 32.604612 -4.772012 5.973388 40.230676 35.021790 40.167757 -7.636347 -7.591818 6.110337 -2.800718 35.627591 -14.576150 1.952323 -1.038183 -1.093768 -1.066768 -3.145468 -2.713443 -2.037900 -6.123060 -3.611657 5.646740 -0.003169 2.507654 3.485787 1.278981 -1.527544 2.658877 -0.778014 -4.768390 -6.506770 35.470633 -1.887844 9.690999 0.869889 -10.226335
0.105339 -0.247985 -6.123508 4.965258 2.353822 9.649323 -1.343654 5.536729 -1.243618 -2.027665 30.672304 37.068971 48.011576 75.883440 36.023518 -3.545515 3.199648 45.133600 43.015619 42.341311 -10.705180 -2.525190 8.070734 1.260956 34.561923 -7.160509 1.178994 2.135339 -0.367930 -1.709290 0.006998 -4.258860 0.611289 1.083057 -0.032875 -1.493420 10.082335 3.999141 2.532616 -1.345678 -0.225777 -6.228565 -8.880961 4.157907 -3.427684 25.387304 -1.235744 0.867672 -5.679048 8.160232
-4.089407 5.072192 2.411143 0.110850 0.539630 -1.244368 -2.210251 -9.253281 9.369805 -10.137466 31.953321 40.121453 32.604612 36.023518 79.851418 7.309377 -5.196743 41.054751 33.381461 38.915442 -2.149699 4.212817 -4.150172 3.273026 41.841199 -5.270153 8.617522 4.739992 -4.057715 3.779039 0.006482 4.836879 1.954978 -1.457662 -3.505277 -4.182614 -4.908001 3.102724 6.719273 -0.525263 -2.618964 -9.712171 2.674463 0.815061 -8.864724 36.816228 8.081680 -14.084897 -5.133686 5.720502
-0.180411 -3.921940 -16.682711 1.958304 2.640168 5.276224 7.502538 4.398494 -6.338192 39.428301 -4.728401 -0.769013 -4.772012 -3.545515 7.309377 99.477359 41.265706 -1.504796 8.893617 -12.332502 37.969663 50.826600 37.436363 60.583293 -3.628923 5.933784 1.510083 6.012279 3.590085 6.937603 -0.402421 -0.558107 3.019702 5.179090 -1.918459 4.883449 -0.399309 5.388267 1.885481 -2.730906 -5.461761 -0.314136 13.353918 4.768719 5.562443 5.556795 47.241836 39.470656 -5.486847 51.270725
-2.988251 -8.035158 2.288238 4.257946 9.912565 16.978870 -8.133488 -0.528104 7.562814 45.351169 10.420929 0.490292 5.973388 3.199648 -5.196743 41.265706 104.134240 -2.838924 -3.634993 2.308408 44.768192 44.058511 28.693827 40.044062 -3.326273 3.708762 -6.662424 -4.299374 -5.176107 6.162273 -1.469433 -1.046337 11.236676 -2.001983 -5.444675 -0.782657 10.348542 -3.916901 2.577025 1.157744 9.460621 -2.826110 -1.962848 4.555087 -5.427955 -2.446957 44.801565 46.887135 3.525593 47.877722
2.960214 2.052432 -2.173745 1.631988 3.460302 -0.405086 -0.488165 -1.419613 5.596251 -0.945999 38.289880 47.056587 40.230676 45.133600 41.054751 -1.504796 -2.838924 86.485820 41.019013 40.828289 -3.820627 -1.148405 6.073268 -4.968507 41.185920 2.586075 0.597143 -2.128212 1.332532 0.549309 -6.165728 8.727214 1.920548 2.343230 0.510350 2.166325 3.319515 4.129576 1.311032 -5.602782 -2.912577 3.166127 0.773312 1.407140 2.299902 31.162637 6.693236 -1.630804 -0.610228 0.196612
12.198775 5.467746 0.896110 -3.699190 7.771465 2.714461 2.108436 1.642160 -4.333423 7.792569 40.578613 37.760428 35.021790 43.015619 33.381461 8.893617 -3.634993 41.019013 75.669610 34.136945 -2.544945 -9.048004 1.114412 12.171544 44.390535 -5.653906 4.045578 -3.058103 0.415357 1.414567 5.764479 6.605458 -5.334732 -4.627491 -0.158972 -3.291388 -1.694535 -0.127308 -1.761389 1.412002 -2.395879 -1.600005 7.247172 -2.063001 2.760091 32.291526 -3.200765 -7.399263 0.442863 5.009593
2.269850 -2.544377 -0.550365 8.545467 -10.049828 6.731053 4.834220 3.982487 -2.071811 -4.466845 39.858732 30.804199 40.167757 42.341311 38.915442 -12.332502 2.308408 40.828289 34.136945 76.774323 -2.237631 -2.135173 0.194434 -8.326802 35.661866 -7.432161 -3.554939 -0.296277 0.207107 3.991483 3.698377 2.713259 -3.900208 2.385670 -0.635911 0.358951 -3.597659 1.895324 -0.614112 -6.160221 6.174686 -0.936220 -5.452044 3.224429 -8.497749 37.731959 5.454616 -0.948937 3.589473 8.130056
-1.287775 4.479914 -12.054137 -5.778871 -8.321436 -3.879047 -2.312384 -4.724506 5.634835 39.053445 8.179068 6.505107 -7.636347 -10.705180 -2.149699 37.969663 44.768192 -3.820627 -2.544945 -2.237631 91.130921 39.990614 38.931530 46.385292 7.139185 3.286953 4.868843 -1.759076 -1.593457 -3.378996 3.443043 -0.546758 -0.425141 -3.370130 -0.304440 7.919460 6.764128 -2.967812 0.889071 -7.742196 -4.120638 0.031321 0.913731 -4.535200 4.652591 -10.492328 43.475019 51.303420 1.255553 47.827855
-16.321004 -5.428047 4.147154 9.379406 -4.087439 3.133044 3.152768 1.775252 -1.225977 33.433253 4.695947 -6.857923 -7.591818 -2.525190 4.212817 50.826600 44.058511 -1.148405 -9.048004 -2.135173 39.990614 90.834482 43.351958 38.036067 -5.771487 11.701719 -5.677812 -0.958665 -16.469928 -10.472758 -2.535641 0.538550 4.666097 -1.960226 -5.927803 0.121400 12.466346 -0.432207 -0.509251 3.129375 4.426802 -0.255825 -3.517601 -10.277499 -5.118719 -3.586828 49.009158 30.647787 -2.860965 42.732129
-0.661713 -14.701984 -4.987795 -7.024788 3.151217 -2.682484 4.144311 0.465677 0.185589 35.500026 4.729685 -4.418793 6.110337 8.070734 -4.150172 37.436363 28.693827 6.073268 1.114412 0.194434 38.931530 43.351958 78.446598 32.247362 -1.539855 1.299391 5.344012 8.903026 -5.816062 -6.108672 2.253831 -2.719278 -0.295593 -5.090327 -0.057478 -3.587986 -0.545600 1.430148 -0.743490 -2.527832 -4.168704 0.542392 2.148407 -6.063995 -0.296711 -14.603995 45.629653 42.120565 6.564127 38.200150
-2.658936 15.224185 -0.820565 -0.727015 9.401911 3.248696 4.417915 -1.524742 -5.625821 42.771226 3.291968 0.246703 -2.800718 1.260956 3.273026 60.583293 40.044062 -4.968507 12.171544 -8.326802 46.385292 38.036067 32.247362 106.795109 10.958874 1.849809 -6.391871 -1.663180 1.995146 -5.843891 1.454863 6.865394 1.073311 -9.185959 -0.498075 3.847529 -4.844090 -6.012018 7.626476 0.802416 3.411078 -5.759237 2.383745 -2.590617 8.202878 -5.712644 52.201842 40.940003 -11.018918 48.062306
4.516390 7.748569 -0.477302 7.987448 -7.475339 -6.559456 3.804600 -4.678237 6.057602 -2.823926 40.018462 51.848039 35.627591 34.561923 41.841199 -3.628923 -3.326273 41.185920 44.390535 35.661866 7.139185 -5.771487 -1.539855 10.958874 93.681906 -1.662238 1.725934 -1.803968 11.421466 -0.977418 6.223937 5.803584 4.127534 -3.228868 -2.427345 -3.454031 -1.974022 -0.918363 -1.756779 3.243647 7.611729 -3.247803 2.009776 0.705227 2.476446 27.427876 -7.277136 -0.578148 3.752370 -2.032046
2.582334 -1.716753 -1.662092 -4.617542 -3.688037 7.231976 0.704283 -1.433889 9.692231 -4.309247 3.250053 0.123861 -14.576150 -7.160509 -5.270153 5.933784 3.708762 2.586075 -5.653906 -7.432161 3.286953 11.701719 1.299391 1.849809 -1.662238 72.963482 25.055029 33.684225 24.931786 3.084143 1.881514 1.590766 -7.504417 -0.848749 -0.614175 25.158581 35.022036 26.044646 2.083880 2.248229 1.912342 0.580125 22.615763 32.775028 39.856686 4.518043 4.254067 -9.007403 0.465840 3.692833
2.391425 3.269490 8.302743 2.581456 -0.766616 -4.310553 3.447497 0.461088 5.881300 2.677212 2.773751 -0.755436 1.952323 1.178994 8.617522 1.510083 -6.662424 0.597143 4.045578 -3.554939 4.868843 -5.677812 5.344012 -6.391871 1.725934 25.055029 50.151241 28.360352 17.007251 -2.448663 -2.996994 5.644590 -2.021882 -4.000647 -0.800466 15.656864 24.530721 23.396291 -0.658535 2.591127 -6.123700 -5.021652 25.224630 29.976744 24.988612 -0.346738 -4.169669 3.468939 -5.794791 1.552203
6.612185 -5.363193 -2.923316 -1.073489 1.322336 -4.562474 -0.510954 5.340291 -1.734635 1.511956 1.310957 -3.871034 -1.038183 2.135339 4.739992 6.012279 -4.299374 -2.128212 -3.058103 -0.296277 -1.759076 -0.958665 8.903026 -1.663180 -1.803968 33.684225 28.360352 55.043286 22.488904 1.293789 2.819812 7.830460 5.062646 1.098766 1.844046 26.343776 24.058167 19.123801 -2.229128 2.788002 -6.762688 3.298843 24.904517 24.572321 29.824485 6.812041 5.129072 -3.742106 -5.388861 -1.639384
-1.819934 -2.617102 -5.668609 -5.280477 -1.205811 -6.596354 -1.069445 -0.294729 -4.815068 -1.186582 -4.375810 -5.620714 -1.093768 -0.367930 -4.057715 3.590085 -5.176107 1.332532 0.415357 0.207107 -1.593457 -16.469928 -5.816062 1.995146 11.421466 24.931786 17.007251 22.488904 46.758639 3.461364 1.474394 -2.736915 2.512448 0.466173 3.555187 21.393589 25.019567 14.604129 0.137589 0.900120 -0.662597 -0.353453 26.801832 28.355598 22.638856 7.600884 4.603304 -3.606611 -0.565780 1.075527
-2.228245 -2.391471 1.852302 0.836410 -1.437682 6.193964 -3.232905 -0.278709 -6.927178 -0.270089 -1.720206 2.877479 -1.066768 -1.709290 3.779039 6.937603 6.162273 0.549309 1.414567 3.991483 -3.378996 -10.472758 -6.108672 -5.843891 -0.977418 3.084143 -2.448663 1.293789 3.461364 48.631705 20.199189 27.721417 21.092611 19.101178 26.703848 -3.643945 2.079405 -1.830820 22.229817 19.312164 20.269529 23.898320 -0.450717 1.338353 0.918059 6.756255 -6.758531 -5.537106 0.287134 1.196095
0.907092 4.184254 0.366462 -7.122483 -4.198550 1.441611 2.760934 -4.168212 1.962231 2.133705 -0.982395 2.877242 -3.145468 0.006998 0.006482 -0.402421 -1.469433 -6.165728 5.764479 3.698377 3.443043 -2.535641 2.253831 1.454863 6.223937 1.881514 -2.996994 2.819812 1.474394 20.199189 35.800381 18.986981 19.003502 13.678299 17.322427 -4.430046 -4.537314 3.170725 21.089705 19.998641 17.887546 24.604190 4.140511 3.695305 4.590264 -0.464454 0.984181 3.021912 -2.679273 -2.179969
4.938340 -3.477853 2.244694 -1.223229 1.041598 0.756889 1.498867 5.522321 2.137817 2.071794 4.829324 1.734335 -2.713443 -4.258860 4.836879 -0.558107 -1.046337 8.727214 6.605458 2.713259 -0.546758 0.538550 -2.719278 6.865394 5.803584 1.590766 5.644590 7.830460 -2.736915 27.721417 18.986981 53.189236 24.107841 19.780154 22.161613 -1.584281 1.161927 -1.006501 19.726742 28.780798 26.077716 24.253464 4.616472 -4.739618 -0.506541 -4.179407 -0.877871 -1.561419 -5.079116 -1.945613
1.808527 0.803889 1.643284 6.504272 6.442838 5.209086 3.494194 -7.755554 -1.772595 -1.629004 -1.293539 -2.240526 -2.037900 0.611289 1.954978 3.019702 11.236676 1.920548 -5.334732 -3.900208 -0.425141 4.666097 -0.295593 1.073311 4.127534 -7.504417 -2.021882 5.062646 2.512448 21.092611 19.003502 24.107841 37.881976 15.535630 17.416530 -0.883109 0.216102 0.098585 17.275488 21.264828 17.731574 22.365391 -3.501014 -0.795513 -4.895300 -2.508911 -0.635175 2.114491 -3.140911 3.449360
-5.380389 -1.885287 4.085139 4.772594 2.707157 0.864228 -6.889823 -0.224760 -2.750558 -6.520055 2.583760 1.697739 -6.123060 1.083057 -1.457662 5.179090 -2.001983 2.343230 -4.627491 2.385670 -3.370130 -1.960226 -5.090327 -9.185959 -3.228868 -0.848749 -4.000647 1.098766 0.466173 19.101178 13.678299 19.780154 15.535630 36.105545 21.435381 3.087064 -1.929789 -2.556965 16.251732 16.559307 27.489531 21.972115 -1.784634 2.260741 -3.031186 0.548035 -3.767061 2.245680 -0.044785 -3.903439
0.062226 -4.391289 3.150527 -0.564422 -1.468778 -9.976766 -8.987826 1.692840 -0.474915 0.619198 -0.817567 0.468701 -3.611657 -0.032875 -3.505277 -1.918459 -5.444675 0.510350 -0.158972 -0.635911 -0.304440 -5.927803 -0.057478 -0.498075 -2.427345 -0.614175 -0.800466 1.844046 3.555187 26.703848 17.322427 22.161613 17.416530 21.435381 42.853812 2.999886 -2.962362 3.163324 22.368404 20.642955 24.005933 25.760350 4.770203 -5.570407 -0.107516 1.696029 -5.539096 0.088265 -5.786722 -1.062804
-6.692033 3.385070 0.527306 0.373432 -6.142378 1.349421 -11.423689 2.161836 -2.570564 -2.817370 3.452137 -1.956062 5.646740 -1.493420 -4.182614 4.883449 -0.782657 2.166325 -3.291388 0.358951 7.919460 0.121400 -3.587986 3.847529 -3.454031 25.158581 15.656864 26.343776 21.393589 -3.643945 -4.430046 -1.584281 -0.883109 3.087064 2.999886 37.882504 19.447914 18.442087 -2.804238 1.113068 -2.489634 -3.261196 22.504603 20.238435 24.533529 -0.929239 -0.872119 0.333545 -1.710970 0.885448
-7.320234 -7.304340 5.876677 -4.218619 7.337731 0.011791 -4.173348 2.308739 -3.376341 -4.237186 2.595647 0.028543 -0.003169 10.082335 -4.908001 -0.399309 10.348542 3.319515 -1.694535 -3.597659 6.764128 12.466346 -0.545600 -4.844090 -1.974022 35.022036 24.530721 24.058167 25.019567 2.079405 -4.537314 1.161927 0.216102 -1.929789 -2.962362 19.447914 59.339464 22.161975 0.617310 1.208194 4.570017 -0.215292 24.970901 26.970191 28.834177 0.373653 1.220404 -4.323588 2.823204 1.996215
3.612733 -1.665855 -1.029975 -3.350788 -1.531365 0.060880 2.005577 2.440880 7.393580 -1.566267 -2.909018 5.053837 2.507654 3.999141 3.102724 5.388267 -3.916901 4.129576 -0.127308 1.895324 -2.967812 -0.432207 1.430148 -6.012018 -0.918363 26.044646 23.396291 19.123801 14.604129 -1.830820 3.170725 -1.006501 0.098585 -2.556965 3.163324 18.442087 22.161975 35.788381 6.186996 -0.889039 1.587970 -1.425133 20.148810 23.532571 24.667252 -1.968522 -5.451846 -8.722386 -0.777135 0.430240
-2.714343 -2.872513 2.975984 -4.119812 1.498719 -7.246489 3.477771 -2.176037 3.481441 -1.946616 0.835123 -0.433781 3.485787 2.532616 6.719273 1.885481 2.577025 1.311032 -1.761389 -0.614112 0.889071 -0.509251 -0.743490 7.626476 -1.756779 2.083880 -0.658535 -2.229128 0.137589 22.229817 21.089705 19.726742 17.275488 16.251732 22.368404 -2.804238 0.617310 6.186996 40.139971 21.614244 21.010786 20.494424 -2.557356 -0.897229 0.282764 -1.918380 4.959940 -2.386281 9.730411 1.419620
-0.434806 3.767277 2.223131 -1.245482 4.171223 1.984967 -5.738459 -3.163514 3.632490 -0.774252 0.634423 -3.115505 1.278981 -1.345678 -0.525263 -2.730906 1.157744 -5.602782 1.412002 -6.160221 -7.742196 3.129375 -2.527832 0.802416 3.243647 2.248229 2.591127 2.788002 0.900120 19.312164 19.998641 28.780798 21.264828 16.559307 20.642955 1.113068 1.208194 -0.889039 21.614244 42.281375 25.499889 23.361227 6.894067 -3.197308 -3.798106 -3.768419 -0.540701 -1.569471 -1.233320 2.976643
-5.367562 -0.481652 13.716054 -0.052155 -0.463699 -3.581355 -8.020881 -2.062417 7.887827 -6.522534 -6.767662 -1.076385 -1.527544 -0.225777 -2.618964 -5.461761 9.460621 -2.912577 -2.395879 6.174686 -4.120638 4.426802 -4.168704 3.411078 7.611729 1.912342 -6.123700 -6.762688 -0.662597 20.269529 17.887546 26.077716 17.731574 27.489531 24.005933 -2.489634 4.570017 1.587970 21.010786 25.499889 56.199957 25.566753 -5.461566 -1.990342 1.274161 0.856851 1.625026 -0.908795 -3.066891 -1.615762
-4.617713 -0.387913 3.504791 -12.224701 -4.435396 -2.135053 -0.307687 2.608518 5.550086 1.040201 7.458028 5.390102 2.658877 -6.228565 -9.712171 -0.314136 -2.826110 3.166127 -1.600005 -0.936220 0.031321 -0.255825 0.542392 -5.759237 -3.247803 0.580125 -5.021652 3.298843 -0.353453 23.898320 24.604190 24.253464 22.365391 21.972115 25.760350 -3.261196 -0.215292 -1.425133 20.494424 23.361227 25.566753 52.805610 0.916147 -3.874721 -3.176864 6.730137 -3.203515 0.362332 -5.021489 -6.370600
1.235080 -1.010738 6.238498 -5.555318 10.344442 -0.854602 -7.239756 6.971843 -2.030589 4.738706 1.797715 4.617854 -0.778014 -8.880961 2.674463 13.353918 -1.962848 0.773312 7.247172 -5.452044 0.913731 -3.517601 2.148407 2.383745 2.009776 22.615763 25.224630 24.904517 26.801832 -0.450717 4.140511 4.616472 -3.501014 -1.784634 4.770203 22.504603 24.970901 20.148810 -2.557356 6.894067 -5.461566 0.916147 47.248741 24.242436 26.397753 0.802721 4.916627 0.073745 -2.722215 -5.077076
2.039477 0.890113 -0.717416 -5.078094 -3.657643 3.839691 -0.788666 0.602660 0.365859 4.530335 -1.456526 -1.611244 -4.768390 4.157907 0.815061 4.768719 4.555087 1.407140 -2.063001 3.224429 -4.535200 -10.277499 -6.063995 -2.590617 0.705227 32.775028 29.976744 24.572321 28.355598 1.338353 3.695305 -4.739618 -0.795513 2.260741 -5.570407 20.238435 26.970191 23.532571 -0.897229 -3.197308 -1.990342 -3.874721 24.242436 59.921038 33.373829 0.762759 -8.226311 7.532891 -4.150560 -5.009333
-4.914400 9.820153 -2.253356 -2.233081 11.749375 9.113786 -10.015405 2.024799 3.491603 4.013695 -6.094413 -1.576282 -6.506770 -3.427684 -8.864724 5.562443 -5.427955 2.299902 2.760091 -8.497749 4.652591 -5.118719 -0.296711 8.202878 2.476446 39.856686 24.988612 29.824485 22.638856 0.918059 4.590264 -0.506541 -4.895300 -3.031186 -0.107516 24.533529 28.834177 24.667252 0.282764 -3.798106 1.274161 -3.176864 26.397753 33.373829 62.866386 -1.638587 -7.464382 -0.932905 -0.154588 -9.100500
1.473793 -4.943805 5.526993 0.258416 -4.501111 -1.299964 -0.913310 3.697331 -1.318111 -1.627651 26.928592 33.721819 35.470633 25.387304 36.816228 5.556795 -2.446957 31.162637 32.291526 37.731959 -10.492328 -3.586828 -14.603995 -5.712644 27.427876 4.518043 -0.346738 6.812041 7.600884 6.756255 -0.464454 -4.179407 -2.508911 0.548035 1.696029 -0.929239 0.373653 -1.968522 -1.918380 -3.768419 0.856851 6.730137 0.802721 0.762759 -1.638587 64.753719 8.013290 0.518305 -7.025496 -3.252112
-4.249496 1.114116 -5.947664 -0.916873 1.835666 1.592159 7.679869 7.595013 -2.739334 39.339347 0.491888 -6.951913 -1.887844 -1.235744 8.081680 47.241836 44.801565 6.693236 -3.200765 5.454616 43.475019 49.009158 45.629653 52.201842 -7.277136 4.254067 -4.169669 5.129072 4.603304 -6.758531 0.984181 -0.877871 -0.635175 -3.767061 -5.539096 -0.872119 1.220404 -5.451846 4.959940 -0.540701 1.625026 -3.203515 4.916627 -8.226311 -7.464382 8.013290 81.101010 34.472494 -5.364775 37.467830
3.866032 -4.391940 2.674161 0.755234 -2.277293 -4.344024 -2.619689 4.564749 5.637931 39.102898 2.632740 2.278161 9.690999 0.867672 -14.084897 39.470656 46.887135 -1.630804 -7.399263 -0.948937 51.303420 30.647787 42.120565 40.940003 -0.578148 -9.007403 3.468939 -3.742106 -3.606611 -5.537106 3.021912 -1.561419 2.114491 2.245680 0.088265 0.333545 -4.323588 -8.722386 -2.386281 -1.569471 -0.908795 0.362332 0.073745 7.532891 -0.932905 0.518305 34.472494 77.382265 -0.122231 37.328977
41.184654 34.870643 49.295028 35.367242 45.688787 46.949754 45.702208 35.582259 47.652134 -8.526282 4.900420 -3.145976 0.869889 -5.679048 -5.133686 -5.486847 3.525593 -0.610228 0.442863 3.589473 1.255553 -2.860965 6.564127 -11.018918 3.752370 0.465840 -5.794791 -5.388861 -0.565780 0.287134 -2.679273 -5.079116 -3.140911 -0.044785 -5.786722 -1.710970 2.823204 -0.777135 9.730411 -1.233320 -3.066891 -5.021489 -2.722215 -4.150560 -0.154588 -7.025496 -5.364775 -0.122231 76.127954 6.987577
4.744714 -7.716204 -2.114385 4.837887 -3.036245 7.689958 -5.829344 -5.038475 1.813633 36.264385 -3.809909 -4.506067 -10.226335 8.160232 5.720502 51.270725 47.877722 0.196612 5.009593 8.130056 47.827855 42.732129 38.200150 48.062306 -2.032046 3.692833 1.552203 -1.639384 1.075527 1.196095 -2.179969 -1.945613 3.449360 -3.903439 -1.062804 0.885448 1.996215 0.430240 1.419620 2.976643 -1.615762 -6.370600 -5.077076 -5.009333 -9.100500 -3.252112 37.467830 37.328977 6.987577 88.463409
