# 协方差矩阵（对角线方差=25-144）
# 基于分组相关性矩阵生成
69.570274 10.155860 0.847812 0.674787 0.442773 7.040614 9.637586 1.897752 12.702999 0.499846 0.112466 26.364806 2.260976 13.904296 2.203567 0.490014 3.514087 0.510942 13.874933 15.626447 24.958690 1.593412 0.049186 10.008009 17.154572 1.941999 0.562005 1.513733 20.219063 6.270287 32.516425 14.635203 10.832244 1.061346 1.983499 27.005301 18.066417 0.433357 2.998524 0.983696 0.985683 1.658154 37.012125 5.410123 0.615194 3.110506 1.152688 1.626081 0.181350 11.645888 0.700253 3.860922 9.359989 31.402951 0.210488 0.780515 0.049708 36.549167 2.161618 2.640356 4.723695 0.529867 4.291248 0.586646 0.629560 0.035712 0.576567 39.764858 0.285091 30.407244 1.616962 4.702949 5.006400 32.735800 2.327346 38.300353 0.383567 12.702736 7.626483 3.037434 0.758083 3.735123 15.527493 41.535428 1.425268 3.584912 45.183682 2.205169 45.400504 14.303454 18.195003 0.550832 64.245312 10.259417 42.225750 4.463530 55.816016 0.238020 8.766046 0.789026 0.276295 19.337691 0.263379 34.415133 1.823374 13.456978 0.908783 7.487248 0.178450 5.977602 2.559069 2.446208 1.120422 3.733027 33.718363 88.543100 14.784199 0.683868 0.093247 1.251505 1.490471 17.612352 1.766213 3.685514 12.160344 18.936286 32.131011 0.929706 0.341769 35.030368 8.286934 0.428053 45.609014 0.344213 6.379716 9.936129 44.698941 0.564020 0.188710 0.540536 0.076950 21.010763 3.240706 45.396173 14.528291 0.384315 3.811772 5.224350 0.263600 49.107776
10.155860 138.135002 30.868983 10.942812 8.655740 2.257061 33.251932 59.345522 53.809137 17.797821 5.677746 25.632163 46.276914 36.196181 59.074302 1.364604 64.177703 0.816221 45.835994 22.927785 2.895145 25.380533 2.282877 3.933257 81.918652 24.444920 25.923583 16.059993 42.691944 8.336940 12.743757 25.970828 46.634172 38.736353 43.077177 1.142157 22.311144 1.206825 48.669439 0.825271 35.195540 1.642388 3.137618 54.169090 1.087015 88.148546 25.047233 8.522077 8.585968 48.356497 2.489939 72.793556 136.281596 18.408182 8.250347 11.668096 2.920657 3.470817 36.190354 1.254448 1.944773 14.830158 13.291274 12.110469 2.598542 1.989037 0.469354 2.005408 3.793890 80.235918 50.744207 76.096740 16.100535 2.538061 9.924891 2.696148 18.693624 50.639847 14.688637 1.984156 14.819739 2.145716 9.213566 10.823376 47.410638 24.567736 2.436320 52.666617 2.524588 47.251616 7.943056 27.118312 10.883026 45.200109 10.302115 2.915730 9.455121 3.513770 1.762718 4.185537 7.725883 37.081319 2.936979 1.703551 8.331204 30.872357 17.831204 4.653423 7.062549 51.949360 46.434719 49.247511 5.009249 33.884200 1.870887 8.915449 112.650666 6.459370 5.719399 9.228943 26.340272 107.812142 43.654045 10.634756 4.408713 21.665529 66.595779 26.791464 5.109176 1.930278 1.856730 19.556368 8.372562 0.479307 88.978480 59.388202 3.137966 23.315969 4.669443 2.990459 4.236468 19.776216 1.690078 22.836365 55.812657 8.275154 26.931696 6.083118 12.907672 3.565686
0.847812 30.868983 112.107279 2.718366 36.210685 0.655649 3.148355 102.249547 18.674052 97.313091 37.970933 6.604203 12.399202 3.179119 39.230377 2.291839 42.919500 1.106804 13.567589 1.710390 0.437397 5.368130 24.416345 1.172606 10.362671 50.052089 44.104842 2.711987 10.719278 0.583613 2.406459 2.061032 9.059729 123.273039 95.363679 0.076801 1.624364 2.026849 10.254705 0.681489 50.685154 1.297023 0.272573 47.071426 1.402463 54.036586 63.096594 0.992216 64.941972 11.713882 4.990608 68.389364 34.755050 1.174510 64.243564 2.728138 24.815140 0.214030 7.609025 0.603307 0.759620 6.234072 1.198827 3.682664 5.058702 22.349668 0.401886 0.160820 15.493722 13.534024 102.992507 26.106048 1.432603 0.303029 13.106020 0.286793 93.459030 7.295542 1.124983 0.971122 61.997344 1.082093 2.471796 0.843203 63.052517 22.853892 0.169125 82.096890 0.162311 13.986617 1.632780 37.159682 0.703214 4.475707 1.653289 1.427070 0.610949 18.310201 0.375351 7.717859 40.675847 10.232889 12.508053 0.125003 13.224323 8.702207 57.351274 1.974136 52.038642 7.035404 10.605514 12.426590 9.592122 4.858869 0.172825 0.688660 23.685342 16.877998 45.773741 19.109523 69.924201 13.503834 14.281248 0.921862 1.128794 5.667022 6.245404 11.509153 1.194585 0.168795 0.484693 20.630662 0.877749 0.637970 15.922539 6.747296 0.197103 105.816109 32.518942 8.089367 41.875116 4.227235 0.831887 1.853982 11.959557 34.659146 28.411140 3.439849 16.348913 0.270588
0.674787 10.942812 2.718366 96.240360 0.326318 0.039411 7.902964 4.776233 1.470250 1.374834 0.864931 0.581691 61.041912 8.759836 5.415946 0.019828 3.199623 0.010390 1.259399 8.422895 0.076226 37.744732 0.250148 0.069779 6.794428 0.704521 6.967653 74.393472 1.153132 7.149313 0.317012 7.339152 1.880377 3.547312 1.952713 0.095182 7.286630 0.017535 51.844392 0.010333 4.137812 0.021818 0.174527 1.580141 0.014486 10.093628 1.114156 47.380939 1.073808 1.613296 0.038226 3.380303 9.814805 6.239234 0.703860 112.877922 0.601660 0.469155 19.698011 0.017547 0.029579 51.827411 34.453126 74.793997 0.042593 0.317574 0.005751 0.118388 0.105199 3.173706 3.917610 4.685323 11.683487 0.083979 0.178271 0.103478 2.924808 2.850833 14.851023 0.029356 0.558699 0.030473 0.187163 0.960371 4.828345 0.581464 0.200354 2.849795 0.254607 1.298295 0.186870 18.081461 1.536222 21.807484 0.280127 0.043138 1.334662 0.103207 0.036133 0.077040 0.419815 0.923757 0.072082 0.120702 0.148056 0.792053 0.693423 0.073166 0.619523 10.292619 30.370425 19.919003 0.085121 61.403640 0.086620 0.656786 5.508243 0.150763 1.380448 0.194597 0.952902 12.511772 30.577611 16.758296 0.085541 0.501697 7.768104 69.807582 49.426499 0.098293 0.033029 16.541702 0.376167 0.005878 33.795020 13.741552 0.362674 2.517701 0.214218 0.052728 0.688826 0.509039 0.023812 2.167233 1.987659 0.342489 0.628514 0.095780 11.194890 0.255305
0.442773 8.655740 36.210685 0.326318 43.566218 0.934682 0.773246 29.829071 12.341853 45.444386 11.750083 6.000016 1.810024 0.802819 9.922021 6.217642 16.077475 3.206896 8.942995 0.420416 0.450195 0.800246 15.220842 1.604819 3.259501 56.232424 7.621281 0.368687 7.416072 0.123604 2.174355 0.524577 4.090269 36.923062 54.138366 0.046596 0.416491 5.498738 1.596197 1.719709 11.645410 2.983209 0.169918 33.989587 3.782126 12.378774 39.333622 0.140042 25.143317 6.180662 13.750917 28.837398 10.065195 0.322824 36.802246 0.326752 8.047408 0.092306 1.307160 1.186466 1.306073 0.768291 0.196974 0.445928 12.743231 10.984637 1.053312 0.109427 30.072009 6.550167 31.840569 8.128299 0.286313 0.275775 24.012690 0.237029 23.999002 2.747587 0.223641 1.740879 74.587978 2.079209 2.707286 0.364370 15.503667 23.128109 0.096592 33.200365 0.085153 9.219195 1.545903 5.307509 0.275835 0.928777 1.458244 2.558233 0.239644 37.870805 0.461050 16.297855 30.878809 7.850008 29.129214 0.077925 27.043418 6.362625 52.649366 3.181650 27.285006 1.608293 1.747138 2.185619 22.929720 0.757251 0.132750 0.363344 8.889298 31.445600 13.294411 35.654515 63.381492 3.700216 2.215868 0.164354 1.378321 4.951394 1.950162 1.460570 0.143077 0.122192 0.700655 2.842320 0.547178 1.914541 2.990957 1.562038 0.094029 32.060867 42.104276 21.967969 17.695805 3.327982 1.617577 0.726024 6.002436 35.173828 31.050992 5.665947 2.240855 0.153426
7.040614 2.257061 0.655649 0.039411 0.934682 43.563348 0.700875 1.088214 9.697264 0.550716 0.094477 33.973284 0.217151 0.914760 0.773254 5.776147 1.815950 9.048271 9.815994 0.719112 36.465804 0.129464 0.079370 52.843910 2.528111 3.780877 0.189413 0.079530 14.197614 0.209074 36.370113 0.796451 3.520133 0.747931 2.085404 3.493839 0.827458 5.108290 0.264729 17.990385 0.426928 23.897274 5.886608 5.988089 9.073557 0.948749 1.337505 0.058147 0.185846 5.361774 7.502983 2.513336 2.348678 1.154445 0.289241 0.042767 0.044690 1.853876 0.229205 35.829496 48.618622 0.050658 0.144804 0.041923 5.284931 0.048312 11.378686 7.963036 1.062891 9.334382 1.025742 1.505226 0.238653 24.774785 11.126296 18.611756 0.262434 2.574905 0.274243 30.459386 1.600296 45.877069 36.015307 3.044776 0.640142 6.242077 4.795554 1.613271 3.685215 10.119156 24.661048 0.130228 3.052033 0.624404 38.917558 44.760280 2.651592 1.008308 30.491174 4.348362 0.422266 17.271121 1.364566 4.934281 10.157216 11.075876 1.484246 58.208214 0.227123 0.654544 0.270305 0.313960 8.232651 0.218975 11.251135 8.109356 4.238818 2.548404 0.075135 5.038812 2.367599 2.223025 0.221620 0.136517 42.871382 22.138218 2.949846 0.096103 0.018727 9.141182 52.527753 0.085374 9.595826 6.920428 0.682451 0.884809 2.808385 0.436635 0.481399 4.576802 0.088923 17.384108 41.990537 3.500281 5.758547 0.701413 7.410666 33.957768 0.056326 5.292106
9.637586 33.251932 3.148355 7.902964 0.773246 0.700875 31.911950 6.923710 10.607398 1.633877 0.542587 7.222825 21.379231 39.370620 8.911483 0.164881 8.886527 0.111682 10.099672 34.884704 1.545896 14.625387 0.182418 1.168732 37.268934 2.539012 3.743796 14.515281 10.959540 15.989207 4.921539 34.203929 12.907919 4.077703 4.467834 1.531154 34.131590 0.145817 26.001588 0.144501 4.541896 0.285521 2.902260 7.034946 0.149337 14.279496 2.526512 11.951337 0.774732 11.551926 0.279574 9.146764 29.479783 33.183165 0.702372 9.025610 0.270814 5.363778 16.225910 0.292512 0.506069 6.268347 22.203226 7.021322 0.290587 0.163701 0.081489 2.127973 0.334803 26.508824 5.692855 13.722305 22.090774 1.721710 1.234159 2.049601 1.925247 18.901365 25.957737 0.437932 1.323897 0.476933 2.721622 11.395602 6.076010 3.227610 3.103719 5.965076 3.592152 10.411595 2.860388 4.958596 15.975976 48.692925 4.747986 0.643545 13.879851 0.292502 0.695020 0.465894 0.681997 9.149723 0.255853 2.020964 0.977737 7.344084 1.691554 1.097889 0.612693 27.163336 20.413144 17.497770 0.559165 30.283569 1.681327 9.583492 27.683491 0.637197 0.549980 0.975288 2.591492 53.321918 15.067283 17.267535 1.434324 5.918051 53.318749 10.544433 3.952095 1.839999 0.644104 4.090482 5.853152 0.067041 41.711612 42.109278 4.646750 2.335297 0.376338 0.299404 0.364643 6.262673 0.384900 22.565685 14.586513 0.745316 3.406365 1.168271 2.547814 3.972293
1.897752 59.345522 102.249547 4.776233 29.829071 1.088214 6.923710 128.074961 32.091648 73.198442 26.031914 11.676807 22.164217 7.086832 63.127147 2.363132 68.352620 1.195402 23.994034 3.930589 0.847875 10.048212 13.725984 1.943798 21.702744 53.497985 52.052629 5.233966 19.446030 1.356885 4.510570 4.681382 17.593956 119.571704 104.791714 0.178995 3.750803 2.089899 19.304889 0.846097 66.573557 1.647264 0.602731 66.533584 1.549722 87.812463 65.635111 2.062108 42.227272 21.773472 4.892024 100.089717 65.552419 2.784182 41.248240 4.851337 15.310632 0.510333 14.473221 0.871650 1.164261 9.848655 2.639097 6.214848 5.058229 12.315245 0.492199 0.360389 12.534809 26.814360 121.304171 47.086147 3.179447 0.619683 15.118700 0.602903 72.954283 14.935605 2.568161 1.413048 51.071201 1.551902 4.269290 1.918492 85.438503 30.689465 0.392051 104.679412 0.382846 24.735078 3.001880 44.770541 1.661649 9.749300 3.200103 2.076484 1.443633 13.465116 0.671459 8.003976 30.904225 18.109235 9.827601 0.285932 14.346720 15.399617 53.067737 2.995449 34.231813 14.559754 19.809743 22.978470 9.698940 9.792278 0.374820 1.564753 45.738516 15.971677 28.911437 19.425147 69.568142 28.333192 24.829563 2.050553 1.948701 10.023318 13.759956 18.217864 2.124283 0.370951 0.820776 26.648040 1.872188 0.688694 31.306539 14.373699 0.467745 86.825263 21.695904 7.275087 24.297527 7.820153 1.197575 4.189149 22.747281 28.745824 36.697864 4.900459 19.943420 0.616088
12.702999 53.809137 18.674052 1.470250 12.341853 9.697264 10.607398 32.091648 96.532686 13.389756 2.980121 73.391186 7.727532 12.248636 23.719130 6.045270 43.707359 4.251430 84.418236 7.718556 9.056939 4.222846 1.765267 16.362608 39.030307 42.698403 7.626566 2.401187 86.381278 2.298931 36.023610 9.102505 44.948420 22.051680 42.334765 1.723272 8.084377 5.346296 8.487637 4.564056 14.331256 8.542482 5.102953 83.461237 5.400599 30.582274 25.921736 1.345090 5.239959 62.033313 10.281663 57.718638 56.910684 7.740815 6.552189 1.557684 1.458694 3.160365 7.060725 6.521055 9.428593 2.183116 2.538809 1.673425 9.906015 1.270276 2.647260 3.601349 7.871650 89.288159 29.400156 37.179663 3.871281 6.784032 33.697902 6.384016 8.828477 34.287275 3.634062 9.600091 21.130837 10.876458 31.808548 9.858380 20.637475 54.375287 3.407428 39.404830 3.106588 87.025452 23.704418 5.942665 8.447922 11.196783 27.931447 14.107401 7.339514 7.166774 6.677556 13.717254 7.876487 86.052681 7.156736 2.699191 28.618434 66.902835 22.937944 21.268221 5.371738 14.308930 8.712195 10.123565 18.243324 5.824196 3.977387 11.254311 74.831237 15.661783 2.615634 25.209232 35.498046 39.849063 8.068942 2.239848 16.752253 59.326849 32.416611 4.096458 0.682072 3.793629 8.057759 3.908089 13.973141 2.601389 19.030057 16.858265 3.348679 13.098110 6.249327 10.476923 2.518474 47.978015 8.679972 17.388608 65.799386 10.574350 61.167090 26.611564 2.635669 4.993074
0.499846 17.797821 97.313091 1.374834 45.444386 0.550716 1.633877 73.198442 13.389756 109.260637 41.700465 4.927519 6.457499 1.645280 24.254722 2.890142 28.908140 1.378828 9.570596 0.863507 0.316514 2.741168 37.655036 0.977904 5.816911 51.584134 29.147523 1.336309 7.516840 0.283567 1.735076 1.055756 5.676455 100.991539 84.629793 0.045253 0.824532 2.555974 5.268874 0.758259 33.663423 1.395088 0.166908 38.107013 1.694312 32.536021 59.024337 0.472781 79.309390 7.731917 6.518918 49.162596 20.381116 0.594095 87.461939 1.370353 30.343984 0.117140 3.972225 0.583971 0.692111 3.350548 0.570629 1.905879 6.391653 33.124004 0.454612 0.099115 21.505260 8.484408 76.859113 15.908842 0.707976 0.207832 14.180904 0.190200 87.206426 4.291898 0.545650 0.918314 77.806626 1.046494 1.932444 0.476138 41.926988 20.235366 0.098979 62.624419 0.092557 9.866179 1.200260 23.599634 0.380801 2.255258 1.165044 1.349468 0.330838 27.812367 0.293840 9.169314 50.415329 7.408050 18.416194 0.074904 15.181979 6.247687 62.690846 1.785165 67.961997 3.730112 5.538998 6.618233 11.893979 2.406429 0.111018 0.402834 14.403846 20.726884 53.422816 22.404203 72.505519 7.371345 7.640376 0.443852 0.900602 4.198404 3.394072 6.210873 0.600044 0.106446 0.403677 12.547778 0.549722 0.801880 8.327089 3.526374 0.110131 98.028427 49.697941 11.146241 57.535320 2.997863 0.804880 1.033512 7.724505 41.989219 26.073619 3.234547 10.254076 0.160024
0.112466 5.677746 37.970933 0.864931 11.750083 0.094477 0.542587 26.031914 2.980121 41.700465 27.449555 0.965179 3.367264 0.535376 8.678688 0.529401 8.348011 0.240556 2.112332 0.283228 0.056973 1.373952 23.168267 0.170273 1.701890 11.612666 16.590034 0.714397 1.614681 0.101751 0.332806 0.340229 1.423116 39.767044 23.035137 0.009396 0.263409 0.468190 2.541239 0.126194 13.858926 0.235664 0.034909 8.760275 0.297201 12.387249 15.902470 0.236971 47.668510 1.836116 1.230588 13.760284 6.419003 0.181071 40.217275 0.857757 25.692869 0.028222 1.763207 0.096443 0.115846 2.199503 0.248465 1.219072 1.218455 25.840390 0.075413 0.019871 5.083204 2.050721 26.982542 4.876228 0.267484 0.038357 2.700052 0.036070 52.143915 1.153308 0.205201 0.155738 20.117651 0.174843 0.357282 0.116240 16.221319 4.253019 0.021150 18.601274 0.020424 2.177571 0.227993 16.381695 0.096319 0.835483 0.222646 0.228859 0.083682 7.074260 0.051322 1.787530 15.690762 1.543659 4.287874 0.015475 2.905269 1.325471 15.994130 0.306904 31.150050 1.317362 2.559682 2.916333 2.281605 1.127347 0.021424 0.089782 3.940397 4.413666 47.983170 4.562071 17.864224 2.325420 3.829574 0.181430 0.160218 0.834055 0.983273 3.954521 0.375591 0.020946 0.068244 8.527841 0.116453 0.138566 3.415050 1.225236 0.025337 44.930851 15.769719 2.246113 44.348520 0.608792 0.133682 0.265024 1.860537 11.225442 5.440198 0.569817 7.382633 0.034519
26.364806 25.632163 6.604203 0.581691 6.000016 33.973284 7.222825 11.676807 73.391186 4.927519 0.965179 140.419272 3.041168 8.998196 9.029358 8.913472 18.640981 8.412413 72.294231 6.462907 34.957921 1.776265 0.631787 53.248280 25.591427 23.833473 2.429119 1.086312 94.586016 1.893717 96.163128 7.353301 31.769213 7.743999 17.925701 5.524664 7.139010 7.882867 3.588648 11.984665 4.981171 20.659984 13.946968 46.016353 10.062818 11.460260 11.106840 0.723575 1.762566 45.382039 13.373282 24.521541 26.488172 8.351798 2.409653 0.627742 0.454869 6.475097 3.022384 21.094948 31.595102 0.762314 1.605740 0.626741 11.629050 0.421267 7.061581 11.992061 4.869869 77.178137 10.728664 16.618993 2.549911 25.988687 35.725666 23.151170 2.842893 24.357900 2.697007 27.156521 10.272798 32.660247 82.969781 15.689283 7.334897 37.962731 9.747487 15.697566 8.322969 74.527003 63.335088 1.824312 14.158652 6.908648 82.752064 39.906696 12.300968 4.371314 25.180853 13.415402 3.247518 104.573440 5.041301 8.435717 30.081463 72.079994 10.666022 60.507145 1.950710 7.613251 3.624370 4.146127 20.231712 2.830537 14.283008 25.692363 42.734141 11.076998 0.797183 20.087956 17.000544 23.905731 3.062256 1.470448 53.929546 102.297174 26.694808 1.430705 0.274873 13.005089 31.278211 1.221520 32.253293 5.520143 8.675610 9.888345 7.900576 4.465325 2.908688 10.780405 0.822059 84.226064 27.089802 22.413084 49.339621 4.860041 43.063603 56.870008 0.805736 13.091959
2.260976 46.276914 12.399202 61.041912 1.810024 0.217151 21.379231 22.164217 7.727532 6.457499 3.367264 3.041168 124.060674 22.792245 24.026429 0.132591 15.838139 0.070793 6.509738 17.596442 0.347282 68.875386 1.049444 0.385333 25.855458 4.060488 24.100432 65.185152 5.861659 10.259256 1.549804 17.315571 8.705341 16.039059 10.248381 0.266647 15.647723 0.117261 110.163525 0.068035 17.685679 0.141210 0.603969 8.742959 0.097245 42.835938 5.888574 32.171245 4.406632 7.910579 0.254873 17.198524 42.774221 12.253893 3.206197 66.223127 2.100129 1.162006 53.575627 0.107157 0.173603 64.194806 32.583515 62.616169 0.278923 1.181517 0.038171 0.385402 0.627100 14.396682 18.370664 21.500886 20.552108 0.346035 1.116945 0.402721 11.423572 11.919777 20.793830 0.177743 3.098993 0.186530 0.999001 2.988415 21.274404 3.365291 0.578310 14.306544 0.679096 6.710788 0.935353 46.623130 3.902766 47.612767 1.303983 0.261194 3.390705 0.611264 0.184225 0.489092 2.145390 4.809250 0.443431 0.366207 0.939888 4.115636 3.795614 0.431339 2.805052 33.160547 79.114058 60.911566 0.552007 87.858505 0.310348 2.074582 25.022866 0.920452 4.584090 1.203746 5.272756 44.506573 81.319194 20.218313 0.455522 2.621343 25.091725 102.698865 28.997498 0.340253 0.178100 39.558680 1.459703 0.040373 98.666460 40.235885 0.934421 10.900275 1.142539 0.345247 2.571887 2.542494 0.145594 6.827248 9.501994 1.859195 3.673739 0.581080 26.146766 0.796928
13.904296 36.196181 3.179119 8.759836 0.802819 0.914760 39.370620 7.086832 12.248636 1.645280 0.535376 8.998196 22.792245 50.268354 9.253551 0.188629 9.437631 0.131389 11.843857 47.787801 2.158994 15.926283 0.179563 1.510120 43.773739 2.713561 3.745541 16.625234 13.185943 22.275024 6.448450 45.746869 15.079699 4.121131 4.651441 2.374743 47.348840 0.166819 28.173450 0.176568 4.617669 0.346557 4.250995 7.682478 0.175074 14.777799 2.626815 14.739206 0.765987 13.452285 0.315528 9.668448 31.942171 48.497215 0.700726 10.089935 0.264324 8.216220 17.436520 0.370728 0.648460 6.580230 28.716171 7.591956 0.326072 0.159562 0.099644 3.213792 0.353368 31.935313 5.819510 14.750801 28.113927 2.477570 1.392178 2.981658 1.908357 22.367520 35.000142 0.546745 1.374529 0.598588 3.461701 16.325039 6.206147 3.584573 4.749462 6.200198 5.547726 12.209649 3.718745 4.952467 23.956254 59.277706 6.392378 0.803446 20.813078 0.306119 0.934856 0.517748 0.694880 11.030370 0.271779 3.082759 1.096260 8.774619 1.762120 1.377936 0.611471 30.499363 21.835696 18.530405 0.625517 34.821082 2.498105 14.143153 31.258835 0.687124 0.535935 1.066724 2.718752 61.517450 15.773611 22.417747 1.867542 7.315863 67.923229 11.017655 4.418137 2.746165 0.857314 4.110444 8.176445 0.079377 45.321046 48.919430 7.151173 2.337805 0.383759 0.329937 0.356391 7.860142 0.485480 31.436906 17.104409 0.770580 3.770878 1.416961 2.548290 5.943600
2.203567 59.074302 39.230377 5.415946 9.922021 0.773254 8.911483 63.127147 23.719130 24.254722 8.678688 9.029358 24.026429 9.253551 46.637171 0.955524 45.590180 0.509767 18.585190 5.404485 0.756962 11.589067 3.779513 1.376531 24.406873 21.857223 29.508087 6.496277 15.691033 1.960434 3.823305 6.277698 16.355481 48.132714 43.825844 0.218138 5.146495 0.845043 22.146398 0.420452 37.185075 0.836560 0.675273 36.728235 0.674869 68.406443 26.207705 2.808592 13.255871 18.503064 1.880479 57.886277 62.528767 3.913501 12.324264 5.596820 4.823664 0.669648 16.350768 0.517985 0.744625 9.552999 3.746022 6.646278 1.976220 3.446882 0.241187 0.409586 4.072337 25.621181 55.838474 40.645011 4.356525 0.602216 6.770314 0.613582 26.883621 15.613333 3.667975 0.843157 16.987774 0.911804 3.193271 2.340009 48.380784 16.029209 0.476547 50.822401 0.482190 19.159184 2.468182 28.734458 2.180633 12.879621 2.854524 1.239025 1.894524 4.073375 0.530972 3.222556 9.947055 14.019463 3.113006 0.337765 6.041666 11.924491 19.267275 1.882598 10.447741 17.337739 22.044662 24.628879 3.824218 12.430054 0.401821 1.858485 43.161029 5.886429 9.411319 7.642117 26.697593 32.967880 25.226645 2.896137 1.460350 7.753152 16.846265 17.496711 2.450711 0.407313 0.600953 18.864762 1.980118 0.294164 36.274011 17.862468 0.601288 31.761677 6.272518 2.577279 7.124830 6.499893 0.707723 5.127785 20.187499 9.652435 18.324741 2.828197 13.269336 0.728766
0.490014 1.364604 2.291839 0.019828 6.217642 5.776147 0.164881 2.363132 6.045270 2.890142 0.529401 8.913472 0.132591 0.188629 0.955524 46.825137 2.288612 48.392166 4.973390 0.109824 1.957436 0.065287 0.927770 8.210609 0.814672 14.172599 0.384300 0.030010 5.349264 0.028168 4.590558 0.136031 1.446196 2.359105 6.230734 0.108230 0.118496 41.409406 0.136336 28.202973 0.808658 35.020340 0.297583 9.501670 44.604444 1.110935 4.499443 0.014293 1.230947 2.526304 77.731052 3.990127 1.564524 0.118275 2.254498 0.020271 0.328868 0.092461 0.123564 13.733445 11.467267 0.040135 0.027529 0.025423 45.646095 0.554637 19.210348 0.280806 10.770635 2.952305 2.478340 1.227382 0.049693 1.066347 39.931556 0.773701 1.109801 0.853687 0.043530 13.461598 10.645401 20.618274 7.048763 0.268640 1.169295 11.122974 0.178205 3.513285 0.137190 5.126991 3.428602 0.230251 0.204556 0.155890 3.476302 19.781912 0.177717 13.829939 2.430418 26.534027 2.626207 6.710209 18.827061 0.172890 51.004932 4.715729 6.967580 19.299962 1.616960 0.250145 0.153466 0.198126 63.716833 0.076379 0.412474 0.458126 2.173878 17.475009 0.513476 28.832442 9.629937 0.757559 0.162037 0.025707 5.616541 6.429322 0.604179 0.078485 0.008876 0.338149 5.222649 0.128264 0.751992 34.183924 0.330176 0.272768 0.119959 1.756164 5.385571 60.132137 0.823135 3.987786 17.375422 0.405223 2.430022 4.217405 15.338627 24.907202 0.094641 0.243851
3.514087 64.177703 42.919500 3.199623 16.077475 1.815950 8.886527 68.352620 43.707359 28.908140 8.348011 18.640981 15.838139 9.437631 45.590180 2.288612 61.204827 1.283037 34.247746 5.433252 1.609086 7.821598 4.270745 3.196729 29.154390 39.891539 22.043050 4.204943 29.448415 1.785195 7.849016 6.455913 25.007609 51.325687 64.168672 0.366510 5.331152 2.023995 15.359614 1.078628 34.105217 2.103970 1.167595 66.456958 1.675275 61.546832 38.860615 1.908471 13.721053 30.861463 4.400197 81.886783 69.675142 4.258492 14.599431 3.312718 4.425808 0.953765 12.102044 1.298689 1.821904 5.619954 2.844128 3.909965 4.524238 3.515007 0.622760 0.729786 7.528807 40.557547 62.255164 47.978217 3.760931 1.219135 15.103212 1.195179 24.863736 21.197801 3.185005 2.063414 27.526703 2.266832 6.977703 3.377444 46.588460 31.985683 0.782123 67.047841 0.757903 35.305471 5.151945 18.612478 2.957312 11.343177 5.788210 3.032201 2.569299 7.353026 1.197899 7.083018 13.770768 27.346390 6.038446 0.577513 13.491826 22.860722 30.649516 4.516278 12.177609 16.164084 15.802808 18.383464 8.647202 8.823563 0.756306 2.964098 58.816580 11.728709 8.263047 15.913016 43.851101 35.474611 17.164446 2.321805 3.291681 15.806146 19.988996 10.464853 1.450559 0.747437 1.417917 11.877183 3.461597 0.749787 28.806968 16.932898 0.902151 32.734931 9.476519 5.702691 7.089125 12.766845 1.767138 7.013974 32.764342 14.992869 36.803862 6.715687 8.341599 1.199490
0.510942 0.816221 1.106804 0.010390 3.206896 9.048271 0.111682 1.195402 4.251430 1.378828 0.240556 8.412413 0.070793 0.131389 0.509767 48.392166 1.283037 87.446015 3.640723 0.080227 3.023953 0.035872 0.430763 11.720935 0.549420 7.916355 0.183228 0.016805 4.215115 0.020393 5.116077 0.098100 1.005819 1.144599 3.247080 0.153887 0.088388 42.796907 0.075345 60.542423 0.404444 59.405125 0.360049 5.699564 65.360311 0.588802 2.330886 0.008577 0.563193 1.773859 70.277751 2.197222 0.927254 0.095636 1.057622 0.010697 0.146011 0.099432 0.069147 26.518482 19.936667 0.020017 0.017780 0.013043 35.799815 0.251131 44.481844 0.399039 5.982482 2.187772 1.245281 0.714076 0.032955 1.645840 28.727737 1.140205 0.510474 0.593771 0.030191 20.588111 5.490617 35.870634 7.888504 0.250527 0.592221 7.083165 0.230549 1.841053 0.171906 3.753164 3.824646 0.107777 0.198335 0.101150 4.172878 30.254372 0.172312 7.730804 3.797572 18.082483 1.289215 5.433562 11.179719 0.236791 36.285102 3.687063 3.613269 27.235447 0.757413 0.154735 0.084642 0.109058 47.306180 0.044515 0.613724 0.506341 1.403019 10.243112 0.226464 17.832897 5.093021 0.493164 0.085591 0.016925 7.532991 5.829403 0.440154 0.039267 0.004684 0.485917 9.186667 0.060775 0.806870 72.379581 0.190553 0.174823 0.139223 0.828480 2.717325 44.515665 0.370160 3.649151 31.889944 0.347210 1.721513 2.146886 9.674167 28.277270 0.044187 0.293083
13.874933 45.835994 13.567589 1.259399 8.942995 9.815994 10.099672 23.994034 84.418236 9.570596 2.112332 72.294231 6.509738 11.843857 18.585190 4.973390 34.247746 3.640723 76.401457 7.675173 9.827722 3.631920 1.225115 16.430972 36.264241 32.005485 5.730268 2.123741 81.893222 2.292572 37.451220 8.973652 41.147300 16.104507 31.281872 1.967600 8.106066 4.398351 7.289533 4.140643 10.817026 7.710722 5.671955 65.202458 4.610354 24.088950 19.062718 1.242815 3.694707 56.070728 8.284441 44.344158 47.900568 8.017646 4.615657 1.342134 1.021336 3.506029 6.044574 6.273476 9.256729 1.788094 2.420586 1.407247 7.917406 0.877993 2.399886 4.075514 5.783324 85.208724 21.830314 30.532891 3.694457 7.511302 27.235452 7.113006 6.337338 32.038723 3.558510 9.112238 15.311556 10.353807 31.802280 10.559050 15.621780 43.166570 3.853399 29.536719 3.512666 78.757928 24.427186 4.520253 9.179428 10.506537 29.688476 13.390497 7.975042 5.213617 7.002646 10.811443 5.637521 81.437000 5.297077 3.060068 22.878998 62.472682 16.750595 20.446019 3.793015 12.845029 7.410233 8.517749 14.516765 5.215432 4.476699 12.440931 65.713977 11.821290 1.835551 19.407901 26.132512 36.531839 6.672262 2.146222 17.066925 57.956317 31.744108 3.345561 0.587688 4.275095 8.302779 3.014080 15.158579 2.245603 16.522794 15.529283 3.754867 9.439243 4.439165 8.148339 1.751870 48.016659 8.307859 18.181014 60.350461 7.647033 48.224810 24.356456 2.013996 5.581994
15.626447 22.927785 1.710390 8.422895 0.420416 0.719112 34.884704 3.930589 7.718556 0.863507 0.283228 6.462907 17.596442 47.787801 5.404485 0.109824 5.433252 0.080227 7.675173 59.656268 2.070587 13.107215 0.090763 1.159799 31.353557 1.478243 2.179279 16.934886 8.944032 34.119661 5.216891 50.248389 10.030778 2.233211 2.520491 3.457294 59.926564 0.097125 22.361691 0.116947 2.614920 0.227136 4.936581 4.398001 0.106529 8.749141 1.414492 18.942840 0.399583 8.755525 0.179414 5.460972 19.885238 72.863306 0.360626 10.002168 0.138763 12.185967 12.881124 0.268540 0.484188 5.163476 40.016487 6.669457 0.184463 0.081200 0.066003 4.142083 0.185168 22.359581 3.200701 8.907847 32.186646 2.627183 0.804885 3.299158 1.028040 15.641582 49.734285 0.383985 0.719807 0.424363 2.583570 18.447755 3.509461 2.071202 6.602729 3.422552 8.138043 7.912217 2.943907 3.064971 33.324764 57.129528 5.561218 0.564269 28.952394 0.157892 0.799280 0.290739 0.361829 7.464649 0.142258 4.176433 0.624978 5.851214 0.936201 0.982899 0.316190 22.356500 16.184510 12.908881 0.352971 33.601475 2.993568 17.248778 20.034765 0.371406 0.284007 0.588094 1.458039 44.381486 11.128810 30.051219 1.467907 5.177399 58.100588 8.395653 4.379706 3.363388 0.708336 2.629454 8.101182 0.048989 33.290838 38.786032 10.545396 1.251666 0.195397 0.180742 0.183546 5.781569 0.347930 32.867117 11.328333 0.404032 2.161097 0.938588 1.611306 7.562140
24.958690 2.895145 0.437397 0.076226 0.450195 36.465804 1.545896 0.847875 9.056939 0.316514 0.056973 34.957921 0.347282 2.158994 0.756962 1.957436 1.609086 3.023953 9.827722 2.070587 97.810494 0.226785 0.036735 42.684415 4.233950 2.023194 0.170077 0.169902 15.408871 0.692875 52.927795 2.105391 4.526875 0.519070 1.331769 22.175085 2.440989 1.731111 0.450670 7.032853 0.365148 9.525787 24.856972 4.215998 3.128471 0.972449 0.818570 0.156677 0.104250 6.096350 2.514054 2.012960 2.856184 4.137452 0.148338 0.085518 0.025304 9.353933 0.366841 18.643490 29.511313 0.076676 0.427521 0.073171 1.882959 0.023217 4.406749 43.798425 0.429585 13.120873 0.765190 1.645184 0.615386 95.342237 4.904139 79.608873 0.174123 3.951264 0.839154 15.557003 0.770791 22.851403 34.468405 9.923414 0.546415 3.856722 27.266721 1.185369 21.598483 10.131247 32.280127 0.131261 12.789100 1.422048 74.099889 22.861125 11.111108 0.380536 42.764414 1.744052 0.219927 17.453458 0.497045 28.339815 4.161235 11.154661 0.797295 33.326562 0.120192 1.129938 0.427939 0.460122 3.040866 0.461112 56.341725 33.947331 5.307618 1.088448 0.044138 2.170599 1.309011 3.812534 0.316290 0.392145 42.593668 22.658869 6.396281 0.141356 0.037446 46.923129 53.872199 0.092816 27.649918 2.309365 1.117818 1.709666 15.354833 0.284173 0.205722 1.547574 0.045855 21.161530 21.333781 9.862766 6.998293 0.353804 4.350576 17.334329 0.058850 25.376561
1.593412 25.380533 5.368130 37.744732 0.800246 0.129464 14.625387 10.048212 4.222846 2.741168 1.373952 1.776265 68.875386 15.926283 11.589067 0.065287 7.821598 0.035872 3.631920 13.107215 0.226785 41.599769 0.418488 0.227852 15.893399 1.902655 10.449780 44.370387 3.361196 8.088192 0.954808 12.527970 5.021363 6.984115 4.689209 0.202374 11.660102 0.057739 65.405302 0.036381 7.981831 0.075433 0.427351 4.352676 0.049348 20.660740 2.675217 24.258690 1.796826 4.464468 0.123197 8.306891 23.043000 9.458467 1.322728 41.818321 0.834279 0.888810 30.791728 0.060669 0.100314 33.200795 25.477075 36.025479 0.134699 0.463596 0.020372 0.281001 0.280157 8.556881 8.263367 11.209375 15.223569 0.235012 0.554213 0.278270 4.740305 7.167562 16.205152 0.099581 1.370124 0.104645 0.589145 2.123748 9.706451 1.688216 0.432849 6.637205 0.517120 3.744090 0.569865 20.166784 2.935904 33.526431 0.827305 0.146334 2.550699 0.267519 0.114420 0.235837 0.923622 2.741407 0.198102 0.271606 0.459609 2.330075 1.706434 0.244692 1.160964 20.452563 44.752705 33.098990 0.266450 60.582725 0.220511 1.496157 14.063898 0.427579 1.818983 0.571448 2.406461 27.506122 42.064479 15.652535 0.273476 1.522393 16.773596 52.173727 18.311226 0.243797 0.108336 17.456846 0.983580 0.020553 58.326058 26.172261 0.713093 4.619459 0.483725 0.161712 1.018741 1.512532 0.082060 4.773224 5.441047 0.819661 1.826119 0.316935 11.366139 0.580865
0.049186 2.282877 24.416345 0.250148 15.220842 0.079370 0.182418 13.725984 1.765267 37.655036 23.168267 0.631787 1.049444 0.179563 3.779513 0.927770 4.270745 0.430763 1.225115 0.090763 0.036735 0.418488 59.765213 0.140144 0.664166 11.447094 7.011148 0.203197 0.935420 0.030068 0.208340 0.112160 0.674756 23.887497 16.899784 0.004151 0.085487 0.820498 0.787493 0.182525 6.410414 0.312838 0.016458 6.068280 0.490795 5.126754 12.513727 0.064400 50.873563 0.950273 2.288038 7.718272 2.654398 0.058634 55.793002 0.245683 31.542220 0.010755 0.569790 0.106443 0.113523 0.691015 0.068875 0.364015 2.059317 64.336034 0.113478 0.009545 9.046992 0.979202 15.004123 2.145043 0.081018 0.022473 3.262994 0.019840 33.534812 0.490877 0.060099 0.161346 26.060036 0.190853 0.257295 0.046767 7.637489 3.467459 0.009197 11.072317 0.008450 1.262952 0.147591 6.369958 0.035868 0.262731 0.134661 0.237100 0.031162 15.833255 0.038065 2.560957 18.002454 0.945644 9.242408 0.007046 3.933626 0.797686 16.113036 0.291291 38.241807 0.455421 0.821009 0.974094 3.660723 0.330854 0.011127 0.038791 1.760884 6.293806 52.825966 6.113537 16.888463 0.858049 1.253103 0.051830 0.121371 0.537364 0.363880 1.254383 0.107579 0.010500 0.057031 3.146714 0.056853 0.256496 1.124201 0.414434 0.010064 29.954084 32.537720 4.523162 79.093361 0.364618 0.146745 0.103763 0.929901 13.238133 4.692896 0.568337 2.816360 0.015265
10.008009 3.933257 1.172606 0.069779 1.604819 52.843910 1.168732 1.943798 16.362608 0.977904 0.170273 53.248280 0.385333 1.510120 1.376531 8.210609 3.196729 11.720935 16.430972 1.159799 42.684415 0.227852 0.140144 68.597059 4.269162 6.452678 0.343784 0.138395 23.359905 0.334836 52.802015 1.295431 5.945741 1.339365 3.663245 4.165804 1.325374 7.261272 0.465788 21.732086 0.766798 30.615608 7.758478 10.314231 12.178233 1.692034 2.344884 0.098560 0.332918 9.052602 10.908398 4.424380 4.102408 1.785225 0.511662 0.075522 0.080772 2.540197 0.402982 41.673943 57.517067 0.091198 0.240155 0.074793 7.942945 0.086192 13.519701 9.557329 1.758625 15.507978 1.831010 2.639232 0.396619 28.762157 17.620554 22.113745 0.474144 4.330347 0.446273 39.277620 2.747655 56.093161 53.131001 4.534587 1.146961 10.538870 6.017705 2.854945 4.684335 16.938435 35.973020 0.237720 4.406220 1.049812 53.707733 57.718736 3.828103 1.657577 36.071834 6.851459 0.739034 28.244678 2.198415 6.020701 15.923250 18.266276 2.572717 77.477293 0.402788 1.125031 0.476737 0.554904 12.575946 0.378169 13.229642 11.134177 7.276991 4.187357 0.136302 8.193076 4.098227 3.780257 0.395024 0.225808 57.328994 35.123739 4.837804 0.173002 0.033069 10.939004 58.458723 0.155589 13.654846 8.684105 1.191764 1.502930 3.708898 0.783642 0.823149 6.935805 0.159391 27.396075 50.050854 5.408179 9.696201 1.213521 12.478026 49.299780 0.102911 6.943125
17.154572 81.918652 10.362671 6.794428 3.259501 2.528111 37.268934 21.702744 39.030307 5.816911 1.701890 25.591427 25.855458 43.773739 24.406873 0.814672 29.154390 0.549420 36.264241 31.353557 4.233950 15.893399 0.664166 4.269162 79.272328 10.811351 8.866100 11.787827 38.199947 11.413838 15.442429 34.274806 39.331265 13.118273 16.790668 2.278031 31.597518 0.720477 30.157924 0.663980 12.704073 1.299499 5.459573 27.791513 0.726232 36.419057 9.658185 7.876611 2.578337 38.476217 1.391923 31.653490 76.645220 29.465968 2.562913 7.474358 0.831825 6.628692 21.896429 1.205854 1.984182 7.271422 14.512416 6.815772 1.423421 0.556086 0.376949 3.745415 1.539363 78.208998 18.320231 39.145598 18.009329 4.100521 5.716556 4.525644 5.777414 48.443888 18.496975 1.818593 5.580685 1.991027 9.719747 17.960624 17.469802 13.580466 4.705316 20.656067 4.971221 37.384244 9.296766 9.562527 19.658644 46.550980 13.718759 2.672435 17.079335 1.360171 2.237476 2.212987 2.656117 32.881837 1.223383 3.265326 4.617264 26.424318 6.879115 4.416402 2.201675 41.605807 27.138583 26.983473 2.713674 26.627860 3.335510 15.846875 80.453448 2.941253 1.624869 4.528002 10.571187 97.937224 21.975426 11.991664 5.000280 21.064632 84.035751 12.903273 3.272840 3.492156 2.225332 7.259085 12.944418 0.330401 58.261304 55.524530 6.101949 7.502807 1.596417 1.489452 1.203584 20.849637 1.596781 35.565807 46.770335 3.057655 14.539987 4.989812 4.629923 6.538300
1.941999 24.444920 50.052089 0.704521 56.232424 3.780877 2.539012 53.497985 42.698403 51.584134 11.612666 23.833473 4.060488 2.713561 21.857223 14.172599 39.891539 7.916355 32.005485 1.478243 2.023194 1.902655 11.447094 6.452678 10.811351 118.435939 11.779750 0.903238 27.854270 0.426067 9.182328 1.829531 14.133455 53.493569 99.379469 0.224557 1.493715 12.533918 3.841545 5.155357 20.700529 9.192774 0.776581 94.989209 9.632707 26.899534 68.563910 0.381030 23.440337 21.532907 28.756887 67.805765 28.018476 1.232202 33.545509 0.715489 6.820290 0.412411 3.230413 4.244504 4.947092 1.476962 0.594106 0.919636 27.314017 8.012403 3.103247 0.520270 40.174778 23.904358 54.829039 21.907521 0.905031 1.275925 63.506541 1.104434 27.286808 9.462898 0.738203 6.249557 96.277133 7.370750 10.955017 1.528971 28.692287 67.994022 0.454716 65.997252 0.399197 32.993959 6.469323 8.055267 1.179021 2.876581 6.332408 9.183767 1.024327 42.987328 1.971327 36.532356 35.014703 29.676438 38.358985 0.370295 65.402162 23.663918 81.604900 11.865678 25.823233 4.729483 4.194603 5.232452 49.833865 1.993885 0.628112 1.629065 28.229161 57.723335 11.494475 75.641533 111.166265 11.722338 4.848378 0.510116 5.683112 19.466563 6.945845 2.822521 0.313295 0.577863 2.895554 4.563493 2.398222 4.731449 7.835345 4.808517 0.431306 39.509064 39.059472 39.049599 13.922189 13.341029 5.761286 2.912561 21.094387 45.547905 88.424508 19.729788 3.412176 0.705389
0.562005 25.923583 44.104842 6.967653 7.621281 0.189413 3.743796 52.052629 7.626566 29.147523 16.590034 2.429119 24.100432 3.745541 29.508087 0.384300 22.043050 0.183228 5.730268 2.179279 0.170077 10.449780 7.011148 0.343784 8.866100 11.779750 48.761180 6.175136 4.562768 0.896669 0.948474 2.481728 5.270155 53.002061 29.198280 0.050065 1.993837 0.339866 18.781518 0.127636 35.857296 0.255702 0.160650 15.402779 0.242019 46.869811 18.066831 2.268264 23.542884 5.869859 0.816946 29.882425 27.479738 1.404270 17.851977 7.056745 11.519906 0.178600 12.099387 0.137268 0.190498 14.628139 2.362111 9.143706 0.866813 7.831669 0.073527 0.092562 2.763942 7.767905 47.591827 18.103574 2.210756 0.133064 2.694152 0.136594 47.864977 5.192855 1.816864 0.230388 13.048612 0.247235 0.822879 0.647095 41.583652 6.335856 0.112950 32.859647 0.117299 5.907245 0.616970 60.218843 0.617416 6.418881 0.684838 0.338556 0.536408 3.109478 0.123878 1.438888 9.804726 4.044036 2.062752 0.077831 2.539727 3.511310 13.618510 0.503725 15.053035 8.312324 17.682576 18.535694 1.686505 9.424979 0.089130 0.465250 15.487855 3.196974 23.859842 3.705982 17.136794 13.247640 24.698325 1.651935 0.359882 2.118957 5.843300 25.881481 3.089977 0.091380 0.141919 36.857807 0.489123 0.103871 22.955218 8.187405 0.152620 43.685290 6.413763 1.297969 15.764050 1.739419 0.189662 1.506662 6.350234 7.710030 7.468862 0.830719 28.673400 0.176045
1.513733 16.059993 2.711987 74.393472 0.368687 0.079530 14.515281 5.233966 2.401187 1.336309 0.714397 1.086312 65.185152 16.625234 6.496277 0.030010 4.204943 0.016805 2.123741 16.934886 0.169902 44.370387 0.203197 0.138395 11.787827 0.903238 6.175136 86.193898 2.037298 14.196952 0.640960 14.496907 3.189859 3.565005 2.296747 0.235708 14.861671 0.026540 63.085703 0.018300 4.339801 0.038187 0.403745 2.222141 0.023313 11.869360 1.297297 64.125075 0.906509 2.703859 0.055727 4.324665 14.157466 13.407429 0.637168 88.648334 0.446190 1.107148 25.343100 0.033586 0.057817 38.348231 57.665313 56.120509 0.061434 0.235850 0.010190 0.286559 0.125152 5.664320 4.250918 6.538122 21.440765 0.194298 0.264960 0.241702 2.506168 4.977666 28.385361 0.054648 0.631239 0.057259 0.361452 2.107592 5.233639 0.847963 0.485471 3.370732 0.618566 2.189332 0.373568 13.877928 3.509479 38.637071 0.589130 0.080306 3.049018 0.117648 0.076451 0.109121 0.434924 1.634181 0.086962 0.293651 0.215400 1.380039 0.804076 0.137727 0.563118 16.417925 37.312053 24.643932 0.122071 87.205043 0.207156 1.513942 8.784610 0.195293 0.997753 0.264253 1.142005 21.146756 32.837392 29.860896 0.171744 0.925181 14.876894 54.612587 38.816951 0.235445 0.068899 12.724626 0.820623 0.009637 47.237702 23.361369 0.869255 2.355259 0.218635 0.071704 0.523421 0.963128 0.045165 4.586036 3.382260 0.381278 0.905375 0.168717 8.258139 0.601763
