# 协方差矩阵（对角线方差=25-144）
# 基于分组相关性矩阵生成
83.997469 38.959939 35.210512 -4.746311 2.132196 -5.109979 1.146093 0.740847 1.253773 -1.379414 3.286948 -2.913079 -1.578777 -1.035795 3.896509 -4.032532 36.681094 39.673698 50.199292 2.444961 -2.308172 4.392449 3.004930 2.856941 0.299125 -2.332009 -2.386140 -1.664552 2.564522 3.442222 -6.406035 -4.933745 3.644511 -3.152832 -2.456497 0.437898 -3.826181 0.308968 7.101218 1.487810 -6.329698 -3.431938 -6.771931 3.480715 -4.684504 0.502336 2.552610 7.366804 1.343455 3.818301 1.112223 -1.149450 -9.071009 -3.424642 2.392548 6.046873 5.597856 4.321552 -1.029066 -0.756129 -2.325398 5.373117 2.587921 -3.567432 -1.311221 0.889450 -0.029700 0.413806 50.326510 -6.233960 -1.986110 -2.536259 -4.924462 2.351568 45.521000 41.690802 45.020355 46.628699 -0.350376 2.567177 -2.113576 1.310594 -1.682188 -0.339622 4.323110 1.555309 42.958154 44.256284 44.513661 40.374276 -2.523263 -4.277131 -3.005669 -5.054775 3.195459 1.040936 2.641081 0.685803 -0.731226 6.777694 -6.016000 -2.755898 -0.659874 -1.577649 -3.364247 42.212148 48.985309 37.292084 -1.768518 -2.847147 -2.795567 3.539319 49.780924 -1.264546 7.149853 0.057737 1.131957 -0.314229 5.388965 4.034736 1.714495 1.667677 1.806279 -1.501464 -5.452426 5.722612 2.483639 2.450200 -2.917025 -0.049874 -0.851052 -4.831666 -0.404211 -0.106464 4.946654 -5.176800 3.943605 -3.025541 0.821667 -1.603876 48.361766 47.725083 40.344632 49.516823 36.389052 40.959443 0.629521 4.133432 2.898161 7.494398 0.061922 -7.353540 2.296686 5.099534 1.484715 4.806506 1.948479 0.071062 0.909505 -2.520540 1.875590 -2.910746 -0.052896 -5.028893 -3.572185 1.725269 6.454508 5.552297 5.141573 -2.959240 -2.015089 6.975056 4.566878 -0.416604 2.657647 6.936823 2.877243 -3.465880 0.452498 0.204019 -0.141578 0.474468 3.339642 2.105890 0.489469 -1.604873 4.790929 2.916344 0.467293 4.255378 6.816867 3.445226 6.504149 -0.264599 3.182448 -5.406337 5.518593 5.163721 4.066701 6.466064
38.959939 67.833369 34.224897 4.046800 -0.251416 -6.069914 -0.505076 0.260896 1.182407 3.901205 -0.965396 -2.132373 3.993380 -3.052843 -3.546126 3.014400 35.909348 39.326992 45.764469 -1.258663 4.325899 -5.396033 3.941221 0.430935 -3.324912 6.683287 -6.158203 0.735283 -5.675733 -2.421490 1.186364 2.199911 0.360800 2.593775 0.337524 -3.471337 -1.229330 -4.496570 -1.896615 3.063162 -4.637777 0.372418 -0.903830 -0.003006 -5.793729 3.484556 1.460954 -1.825636 3.436156 -4.335703 0.512886 2.657399 -6.194607 4.487017 -2.119746 -2.494140 3.131434 -1.757084 0.919548 -1.454454 1.799348 -4.876157 -4.419406 -2.885356 -4.040880 2.432763 -7.053998 0.822427 36.332843 -2.423024 0.667478 1.035085 2.236774 4.005029 36.265210 35.782543 34.656906 44.662042 -1.508680 6.140129 -4.557177 -2.041458 -3.415220 3.417233 -0.403055 -2.117361 34.841847 39.299378 40.116844 39.578284 -1.517859 1.404108 1.111903 2.227817 1.851520 1.261870 0.856647 -3.989629 -3.706498 3.046007 5.700920 -5.095966 -0.165560 -2.019221 -5.636168 42.299624 43.305500 36.731456 1.873376 -2.087895 3.441133 0.039911 44.206240 0.050664 8.322678 -0.300839 -4.753243 -3.097414 -4.694243 0.360819 2.974259 -3.169146 3.488944 -0.431672 0.708699 1.166846 -1.916377 2.270562 0.513393 -3.307020 -0.426234 4.309540 -3.372987 2.342721 2.356619 3.000803 -0.550252 -3.232585 -3.183227 -4.044704 42.388142 45.537872 33.757682 41.087807 33.002789 38.484170 1.060301 -0.877128 5.376449 -7.189914 1.928875 0.703583 -0.948367 2.654188 0.449161 -4.241466 2.843318 -1.649258 -3.121161 -5.169799 0.104683 3.002500 -0.914960 -2.903797 1.720011 1.423459 1.158760 -2.756260 2.400907 2.734832 2.134531 -6.119711 -2.295029 -5.125093 -0.228282 2.370601 5.928496 -1.620246 -4.376259 4.781139 4.950870 -0.016729 -3.842688 -1.974449 1.531017 -3.101081 0.782198 -0.206556 -1.609337 0.281555 2.206708 -2.328945 -4.026087 -0.891456 -1.546550 -0.480945 -2.008053 3.617911 1.450719 4.771625
35.210512 34.224897 61.009882 1.199255 -3.540058 -0.475564 -1.983753 -0.110250 0.489782 0.688224 -0.994621 3.350605 4.314126 1.540450 -2.055868 -2.639862 27.809546 37.093651 43.751609 -2.236925 0.949892 3.321161 0.351412 -0.882041 3.137243 -0.855254 -2.069721 0.284934 0.590420 -4.847092 2.527378 4.442849 1.027800 0.582912 5.259197 2.003305 3.003167 2.644327 2.044524 10.002120 3.743490 -1.138217 -7.573212 5.760004 -2.537309 0.274131 0.660154 1.732719 0.331988 3.733548 -0.280411 3.579268 -2.472770 -3.502174 2.415467 -0.737573 -3.298064 -0.521070 -2.442052 -0.895320 -1.288414 -1.595986 4.966535 3.111729 0.602911 -1.796813 4.647271 4.506095 34.913711 3.733159 4.729798 2.139779 0.389826 4.295763 35.109043 38.313221 33.284907 35.918483 0.426567 0.697099 -0.132910 -2.938671 -1.556918 3.482500 -0.078486 1.695286 34.603629 42.446659 41.613197 34.688840 1.506671 1.522426 0.572700 -1.802845 -1.593746 -4.160905 4.270471 -4.564210 -4.924697 -4.467948 -3.278344 0.968280 -1.841575 -2.826732 1.728521 32.231579 35.197985 33.451225 -6.724332 0.782334 4.497458 -2.546995 39.373714 -1.275171 5.419977 -0.911029 0.680491 1.351792 -5.594668 3.768000 5.950553 0.164313 -0.950087 4.246001 1.013502 5.256944 3.211601 1.738403 0.534194 5.115052 3.713808 -3.566569 -2.702049 1.449080 -3.274038 0.645295 0.565797 0.694022 -4.038598 3.719370 37.565452 37.632754 31.340038 33.647584 28.763879 31.779255 3.952625 0.501074 -0.057396 -5.591032 2.496354 -0.351321 -0.111322 -3.139890 -1.805789 -2.557963 -0.030191 2.601389 -1.529188 5.043475 0.009335 3.849616 2.036500 -3.589751 -1.732450 7.363948 2.641927 -1.093768 -4.615437 -0.365693 2.821551 1.388631 1.448370 5.661008 -1.742327 -1.033165 0.070955 2.986117 2.327536 3.298317 2.032865 -0.795611 -3.583540 -2.138904 3.272111 -3.133388 4.436844 1.802086 3.037121 -7.523979 -2.754597 4.022103 0.614240 3.978179 -0.095192 4.765112 3.962249 1.369940 4.207737 5.310133
-4.746311 4.046800 1.199255 64.344691 27.668623 27.246138 25.736298 29.950956 29.410955 22.228522 32.696108 25.689868 28.881189 37.031376 31.472304 35.696573 5.186408 -2.398297 2.838051 -4.143508 4.565551 -6.965492 -0.851187 4.729980 0.801967 -0.265277 1.565018 -3.184327 2.447768 -2.581760 -3.219306 3.073098 1.090605 1.643786 -0.479017 1.026950 0.059694 2.442567 -1.901539 -1.020180 -1.605414 1.497598 -0.126426 7.499783 -1.396015 -0.530267 -2.340234 -4.068038 2.353145 3.016430 2.016982 1.206439 1.577062 3.946206 -0.925626 -1.119149 3.059433 0.932376 4.879634 1.287364 -1.949687 -9.206914 -1.052865 -5.656756 0.773809 -2.947291 -1.140573 3.119949 -2.406347 -3.535345 -6.959130 2.541510 -0.518380 0.143494 -2.554396 4.452072 -0.935293 -0.053568 35.230507 39.664501 37.044840 35.724475 34.335708 40.398054 35.071394 31.709856 2.043243 0.195293 1.051422 -1.252804 0.237333 -1.086858 -1.444345 4.758019 0.332088 -0.947317 1.674418 3.100011 -3.479964 -0.576282 -0.998163 0.447071 0.546873 0.085189 0.058130 -0.106426 -5.124813 2.446390 33.903444 33.033899 32.002943 31.538261 -2.025203 0.651084 0.157796 1.383508 -1.128787 0.843245 -2.271152 2.885358 -3.835795 0.186841 -6.630791 -3.231634 -1.830497 -2.308819 -2.009710 -0.263303 -2.941423 0.733120 1.627835 6.233561 7.946631 3.985453 -1.798143 -5.516550 4.088747 -2.738439 -5.098941 -6.404866 -6.547161 3.530686 -5.349511 -2.088824 3.193764 -1.840269 0.426349 -0.190294 -0.058857 -3.038510 3.935231 1.691344 -0.718355 -4.569559 1.064793 -0.152331 -0.311661 -2.121413 1.516688 -4.556482 2.401204 -2.755626 -1.669369 5.045252 1.532941 -6.196139 -2.370149 0.219714 -7.735745 -2.788237 -3.254491 2.060344 3.132669 -2.355825 2.855464 -0.448940 -1.206465 -2.582720 -3.063209 -2.987510 0.673995 -6.062837 -0.680919 2.572097 4.228724 -6.005265 1.729314 -2.338402 -2.565087 -2.483398 -3.998005 5.463317 0.386969 -0.752199 0.985519 1.301207 0.451109 -1.763004 1.412125 -0.064380
2.132196 -0.251416 -3.540058 27.668623 49.162347 22.920171 22.469181 29.790720 27.149814 21.526587 26.695882 20.083726 25.617491 32.049017 35.283979 33.548627 -0.823827 -1.478435 -0.212150 3.864244 1.934716 4.926492 6.285249 -0.177899 -0.891098 1.854985 0.844525 -0.658014 2.047701 -1.580419 2.083286 3.842755 2.759556 3.013366 -1.458498 4.626312 -1.192742 1.693602 -0.085488 1.009717 4.066466 -4.018183 1.470398 -4.677873 2.682106 3.021381 -1.444387 -0.642666 -1.202067 1.383962 0.534611 0.610743 -1.863146 3.952617 0.510553 3.475924 4.442786 0.613460 3.267451 0.006081 1.902508 1.480878 0.977429 -3.284122 -2.284446 -0.326425 1.727327 0.561419 -0.530581 0.307687 -0.152443 -2.251942 0.089064 2.834000 1.574783 -1.309025 0.198289 1.032025 29.820315 34.995605 37.313803 37.599532 34.655692 29.792058 30.509211 29.031352 -1.545450 4.160121 2.801960 1.240577 0.813685 -1.010778 -3.439458 3.572237 -3.604048 1.033007 -1.821137 -5.796884 3.060532 0.558942 0.995500 -3.351279 1.642642 3.582655 5.593349 -2.138168 3.555796 -0.297987 32.206580 30.783204 25.152860 35.125376 -2.158701 2.530569 0.652001 0.619931 -1.491878 -0.921145 -0.251172 0.810347 0.438812 -2.036845 3.516163 -0.997423 1.084380 2.462999 -0.835232 1.024774 1.019671 0.244048 3.203723 3.802737 -3.479653 -1.494456 -2.510694 -3.950235 3.495579 0.499319 1.128794 -3.449100 6.157814 0.214959 0.354521 3.399353 -1.744555 -3.859212 1.292033 -0.259323 9.022687 -5.325090 4.204567 4.210238 0.668219 3.234214 -1.002568 -4.057780 1.390847 -3.021245 -0.737846 0.783426 1.629112 2.286748 -1.199820 -0.383368 -4.238718 -1.102519 -0.478276 -0.287628 2.459688 -0.382189 -1.560180 -1.688767 -1.205544 -8.485986 1.736776 1.536447 -3.516865 0.375172 1.141283 1.275909 -0.216527 -2.551143 -1.582658 2.076390 -3.469588 -0.392967 1.734033 2.481873 -1.602664 1.226503 1.928022 0.552372 -3.721824 3.575196 2.441787 3.539086 -2.950625 1.889210 2.353523 -1.176280
-5.109979 -6.069914 -0.475564 27.246138 22.920171 41.643119 22.342645 24.237907 27.137547 20.596175 28.750335 19.639467 21.829914 32.111552 31.327546 28.731385 -0.101893 -3.718336 -3.849818 -1.807881 2.458509 -0.747675 0.458300 0.698872 2.899142 3.716067 -0.110744 0.436335 -2.619977 0.348683 -0.183111 1.625108 3.611668 2.491289 1.047845 0.125082 6.939430 1.459266 1.457446 0.943221 -4.305841 1.893682 2.391521 0.266130 -4.306836 -2.120215 -1.437428 -0.538992 0.257689 -3.482492 -2.822698 0.236033 -2.038442 -4.465746 0.721401 -0.462831 2.555747 3.746619 2.090220 0.945419 0.362765 1.602523 0.405417 0.797430 -1.629490 -2.740789 -0.325111 -0.065820 -4.042941 1.866133 -3.214581 1.887271 5.048870 1.346979 2.216085 -0.015962 -0.723047 0.060889 26.183829 31.879448 32.849432 28.594740 31.130344 32.844263 29.327454 25.325508 -2.063438 0.115791 -0.121500 -5.709397 3.044461 0.852295 1.333234 -0.712413 0.569245 -4.864733 -2.882147 -1.232831 1.651736 -0.256292 1.257755 5.108298 -0.999361 -3.002488 -0.028748 0.408059 -4.726119 -0.583966 26.073033 30.115252 24.090697 31.688006 -0.599638 4.259875 1.194955 -1.788665 2.861242 -1.922625 -1.137398 1.554235 -0.922027 1.205639 -2.023072 0.527932 1.317143 2.471016 1.320645 -1.880123 0.732330 1.352020 -1.507111 1.014053 1.373681 -2.327589 -2.051984 -2.847494 1.215432 -3.305383 0.524899 1.494818 -0.699776 -0.754867 -0.047449 -1.786139 -1.141866 -3.153907 -2.305532 0.242554 -2.921903 -0.936845 4.388431 2.059339 -0.027925 4.132386 -1.059666 1.643611 -1.141889 -1.871959 2.008142 1.638625 1.735842 -3.572553 -2.102347 0.354146 2.043455 -2.633098 -3.590149 -1.908786 -4.255264 3.340235 -1.409156 2.670847 -0.653206 5.124278 -1.867409 -3.311053 -0.801595 -3.123532 -3.605449 -2.466636 -2.171993 -1.259552 -3.354363 3.552366 -1.847773 5.885112 2.093430 -1.553515 -0.466930 -3.412448 -4.827670 2.853807 -0.228958 -2.688726 -0.339886 0.125488 -2.254094 -0.219500 0.069776 1.086828
1.146093 -0.505076 -1.983753 25.736298 22.469181 22.342645 36.854553 21.930037 26.345640 16.738560 26.219061 18.262572 20.761406 27.253797 25.704732 26.502982 0.261906 -2.428201 5.907190 -0.416651 -1.090954 0.964204 0.522484 2.169234 -0.007802 -0.175457 -0.941282 1.672515 -0.821919 4.367224 2.774838 1.702360 3.705836 -0.059703 -0.053133 -1.212801 -4.504504 -2.587836 1.567500 0.782951 -1.394774 0.512852 4.564559 2.752327 2.034061 3.441480 -1.968788 4.876962 -0.897855 2.511079 -0.515622 2.208476 4.369855 -0.583752 -0.909323 -4.479676 2.314980 2.126255 1.060794 0.618061 2.997211 -1.397828 0.864247 1.799483 -2.287535 0.697760 0.735364 -2.245762 2.872901 0.966458 -1.814107 -1.474848 -1.887937 -0.543566 -0.049675 -1.614382 5.194725 1.950716 27.776968 33.639677 29.941360 27.463941 25.886331 25.084123 24.987870 25.819372 -1.123444 -3.776397 -1.384319 -0.081432 1.378953 -0.085917 0.267966 -0.822670 -0.312706 -1.234886 2.299875 2.346782 3.649436 -1.913083 2.248547 3.263068 -1.956285 -1.578732 0.158410 0.296468 -0.838610 4.060110 23.416478 29.569882 21.637944 28.450332 -0.064089 0.179528 -0.192172 2.201017 1.080355 2.997381 1.832639 -1.100169 -0.542058 -0.730198 0.813380 1.161358 1.871128 -1.584546 1.330654 0.846210 -0.290656 -1.966000 0.762261 -6.262749 2.574454 -0.299484 2.273313 -0.000777 2.314433 -0.210894 0.622951 0.293551 -0.631935 -3.235792 -2.027694 4.083097 -0.235151 -5.320012 -1.852398 -1.972547 -0.015522 4.999453 3.623914 -0.802509 -4.282036 -0.037511 -2.789319 -0.864235 -1.176840 2.182387 0.084448 2.520672 0.842593 4.728525 1.443544 2.863891 1.592914 3.554115 -2.262850 0.338366 4.432238 -3.318699 1.675244 -1.596064 0.945388 -4.422979 3.690581 1.396545 2.873639 -0.547366 0.870139 0.282764 3.570690 -1.286129 -5.725283 3.400953 0.257451 -1.097722 -1.769239 4.093736 -1.974502 2.667731 1.013287 1.597252 2.256523 -3.869506 5.719891 2.329216 5.863100 2.143845 2.049489 -0.432304
0.740847 0.260896 -0.110250 29.950956 29.790720 24.237907 21.930037 47.273279 26.039295 20.819790 27.233501 19.369789 25.872272 34.151307 26.170772 30.767687 3.236750 6.294420 8.447669 -0.312362 5.184131 -0.434089 -0.534360 0.261687 1.503406 0.229532 2.028516 -2.119640 -1.556529 1.528596 -2.909413 2.584845 -1.656124 0.588941 -3.681487 1.228709 -4.568987 -0.887647 0.889111 -1.307260 6.978318 0.477933 -2.210816 2.907365 0.606774 5.317842 -1.375429 2.208783 0.048810 1.511849 -0.025853 1.735505 -0.533759 0.135901 -0.733447 1.483045 -0.733616 -2.975405 -2.175860 0.529797 -2.085051 0.903186 -0.027002 -6.810254 -0.891153 0.354288 0.261533 -3.147627 4.933991 -5.786733 -1.588670 3.713007 0.476389 0.773643 0.829630 -0.193314 4.368988 6.635648 30.225961 32.137657 32.358774 30.078387 31.912275 29.604134 27.409067 26.571814 1.672879 4.822965 3.030139 -3.582407 -1.045653 6.983019 0.756686 -0.600326 -0.772021 -2.246335 -0.306427 1.299991 5.631926 -2.519780 2.983183 -1.848924 -1.645356 1.855292 -1.754678 1.072975 1.066081 -2.197102 30.210362 33.177054 25.655545 34.393327 -0.763163 -0.760582 0.171539 0.934383 -5.313173 1.311666 -4.815743 -1.807800 1.228984 1.187992 2.505211 5.167962 1.893408 -1.046820 0.630014 2.825620 0.935795 -2.937354 0.595607 -4.976199 -5.146538 -5.337544 0.886936 1.249489 0.003744 -2.480166 2.071846 0.293041 1.310703 -1.318233 1.327127 -2.082263 -2.927877 -0.848781 0.179241 -0.425217 0.475029 -0.219431 -1.842833 -0.272182 -0.022932 1.591429 -0.151550 -0.189108 0.256539 0.864503 2.692139 3.396628 -1.302334 0.033948 0.943346 -1.827001 2.084346 -2.516809 -5.627304 -0.390117 -2.803039 -3.199534 -2.814587 -0.351907 0.446771 -2.603853 -4.125487 1.285724 -0.872134 0.569772 5.135096 1.739482 3.796880 -3.686262 -0.007406 2.050319 -2.707673 1.158836 -0.968276 -2.035909 1.699036 -0.903534 -1.271448 2.448937 -1.641741 1.270705 -4.514101 -3.428594 2.270906 -0.739705 2.332831 -0.915698
1.253773 1.182407 0.489782 29.410955 27.149814 27.137547 26.345640 26.039295 51.292280 21.087487 29.268176 23.001480 24.856081 35.474651 30.826496 29.973506 -0.563015 -0.015258 3.124095 -0.834375 -2.288069 -5.156985 2.367055 -2.236928 0.126577 5.665451 1.544040 -3.291747 -0.053059 -2.820935 3.062824 -0.536608 2.319109 5.969451 0.510096 3.799730 1.660644 -6.074543 -4.192336 0.816795 -0.650309 1.512997 2.046866 -3.850512 2.240399 -3.216074 0.808805 -0.060173 -3.551773 2.268221 -1.458266 -3.007007 -1.587454 2.302936 0.851997 0.767671 0.365367 2.619651 4.169404 1.732583 -2.953611 -0.761427 -1.383906 -0.580632 -0.140542 -2.252840 1.228377 3.771233 0.681689 -0.753176 -2.413089 -0.989746 0.481513 -1.870027 0.304471 0.074160 5.519322 -1.116435 27.801196 42.986564 34.678085 32.360795 32.936849 32.500264 27.995246 30.266390 -0.772558 0.440569 4.819724 2.646760 2.419885 0.524811 4.294576 -1.562789 -0.061781 -0.009148 -4.434486 2.062731 -4.173508 3.083672 -1.632203 1.059522 1.861509 -2.090388 1.055893 1.937533 1.381759 1.790038 28.419280 34.794976 26.905634 32.802554 0.451892 -0.595609 1.809677 -2.471328 1.580472 -0.752355 2.326074 -4.312708 2.425745 -0.311167 1.877246 -2.673253 -0.509464 0.969558 -2.913757 1.424228 5.878888 -0.475168 1.511275 -0.299252 5.985520 -0.904705 5.062383 3.804857 2.303007 0.432333 -3.675222 -3.510486 -0.106956 3.869262 -3.504771 -0.170497 0.820210 -1.500737 0.929702 3.960893 5.419401 0.147488 -3.038643 -0.872945 -0.004323 0.125124 -1.780589 -1.907564 -1.900181 5.961851 5.486312 1.230839 4.705374 0.959150 -3.696549 -0.285701 -0.171145 2.287401 -1.081023 -2.896070 -2.332210 -0.895884 -1.154654 -2.714787 1.249406 1.028760 1.171506 0.957356 6.523785 5.531905 1.907878 3.114917 6.033238 6.272846 0.235801 5.460466 2.741326 0.992649 -1.922135 2.197336 3.365713 -1.708584 3.956926 3.107857 3.197296 -0.285263 3.681028 6.686796 3.765848 6.139082 4.165133 3.631877
-1.379414 3.901205 0.688224 22.228522 21.526587 20.596175 16.738560 20.819790 21.087487 26.526015 22.795782 15.986454 17.092157 23.044705 22.159152 24.389483 -0.032456 3.245141 2.767672 1.942507 1.529302 0.155267 -0.460886 2.513930 -0.101775 0.416035 -1.141141 3.189846 -1.887044 -1.467846 0.922607 -0.930135 -1.984161 -1.341820 -0.985475 1.004461 2.378552 -1.135473 0.770803 4.121872 -4.284116 3.162278 1.477831 0.626686 -0.036506 3.599234 -1.169158 1.694236 0.252808 -2.831362 1.050361 -0.998696 -0.391796 -1.770639 -0.053697 -0.979878 2.183840 1.620997 -1.278955 2.798671 2.915169 -0.352106 0.369801 0.053093 -4.014681 -1.528501 -3.783623 0.602254 -0.399440 -0.706275 -0.984024 3.391417 -0.137901 -1.712139 -1.601091 -0.085665 -2.793899 1.561428 21.454807 27.921585 26.312857 22.391669 24.059215 21.183893 19.005692 21.749730 -0.405374 -0.574103 0.206611 -1.444192 0.278291 0.247255 -2.236396 1.007033 -2.400171 1.968118 -2.862427 1.995039 1.002288 0.000314 3.161507 -1.178394 -1.620212 0.647624 0.080925 2.418817 1.445525 -1.248590 20.423127 23.508465 19.998737 21.534884 0.056912 2.081058 -3.859404 1.233383 0.242455 0.204467 -2.161571 -0.956541 -2.867533 0.885325 -2.119044 -0.498847 2.730272 0.879139 3.632510 -0.024054 1.058765 -2.005515 1.383313 -0.929544 0.109829 -1.036903 -1.152006 3.547805 0.508336 -3.389512 -0.924542 0.129310 -0.501657 -2.249084 -0.671974 -0.355821 0.258687 -0.525502 0.556460 0.442763 3.983748 1.149852 0.848273 -0.276835 -0.739315 2.661089 -1.867605 0.998595 1.267389 -3.652912 2.144301 0.653173 0.475956 -3.976471 -1.466437 -0.531044 1.000412 2.019891 0.090248 0.515540 -2.605189 4.582957 -0.152091 -1.188528 0.984520 0.439055 4.603378 3.369234 -0.687458 -0.598458 2.516197 3.475268 4.013838 1.381846 0.728488 3.930383 0.124133 2.234248 0.941817 -0.155226 0.613217 -3.664365 3.120178 2.837258 -5.913266 -1.893405 -4.004068 5.469893 -2.085148 -3.766302 2.589331 3.300655
3.286948 -0.965396 -0.994621 32.696108 26.695882 28.750335 26.219061 27.233501 29.268176 22.795782 59.382991 24.969134 30.550265 39.331441 38.826222 37.796205 2.562561 -5.583122 -2.258490 -0.513108 -2.113860 -0.594157 -2.948917 0.739120 -2.102853 2.078698 -1.673713 -2.060076 -2.116548 -3.992370 0.444856 1.253557 2.281105 -1.171346 2.827528 0.689892 -1.475151 4.842554 5.309639 -4.688591 -1.312913 2.240124 2.287529 -0.135289 -5.424619 4.959676 -0.245994 2.127265 -2.387316 4.314947 -1.400508 -3.076105 2.822434 -3.612143 -2.809536 -0.746987 4.979500 0.525760 2.359592 5.642758 -0.722676 -4.671871 4.459125 3.562033 -5.708817 -1.723076 -2.086051 2.880601 0.462525 5.401172 2.601467 0.185282 -1.865980 -1.090885 -0.791813 2.287582 -5.235167 -2.456906 28.414297 39.549453 35.142750 41.762664 39.092258 28.391507 34.450533 30.625585 -1.699307 -2.182761 -1.431372 -3.032913 -1.752131 -2.226786 -1.167125 -2.769082 0.291669 3.015720 1.588085 4.095075 2.476249 5.371646 -2.165797 2.127805 3.914238 4.351170 -0.341796 -0.016772 1.084587 -3.046624 36.924205 33.623043 29.304577 32.524789 2.410749 3.553752 2.818597 -0.424769 1.324670 -0.525254 -4.310732 0.708825 -0.717155 -1.476957 -3.509663 -1.880423 4.400305 -1.847332 -1.793923 1.251939 1.833966 0.826091 1.314602 0.703082 -0.585655 -7.349165 0.444818 4.569623 4.744663 1.718432 2.512302 5.272400 -0.683848 -5.562569 1.505116 1.317413 -1.267837 -2.572237 -1.395604 -0.720283 -0.455497 1.100196 -3.134909 0.840759 3.448456 1.878833 1.392602 1.427947 0.765646 -3.624539 -6.220312 -2.334896 0.081541 2.869438 -2.650350 2.651463 0.045827 -0.553997 2.311252 1.242559 -1.992610 1.044388 2.337967 4.456481 -1.630015 3.394896 1.921284 -1.574462 2.590278 -0.575261 -1.535384 4.143953 -0.380207 -4.126071 -0.288847 -0.423925 -3.341632 -1.816540 0.050761 3.615085 -3.222040 -1.819841 1.568273 4.125070 2.445605 2.061032 -2.816887 0.921582 2.258692 -4.464131 -5.356837 -2.956625
-2.913079 -2.132373 3.350605 25.689868 20.083726 19.639467 18.262572 19.369789 23.001480 15.986454 24.969134 34.462034 19.580836 24.459434 24.975203 23.330177 1.462845 2.941961 0.776997 -1.354298 -2.103985 0.590786 -0.679847 -3.343777 -0.627018 -3.989532 2.496140 1.335671 -3.680854 -1.929859 1.458248 -0.702797 0.262416 -2.766676 3.353421 2.565095 0.535196 -1.436986 -1.764409 5.558083 -0.237050 1.263748 3.682217 0.951546 0.360587 -2.518948 -1.299546 0.229510 -0.785980 3.555635 2.282900 -0.178380 2.671385 4.330568 -2.328125 -0.267656 -4.588191 -2.594150 4.694584 2.859812 -0.314043 -0.623964 1.281237 -2.035835 -2.075593 1.027899 5.295678 -2.111018 -4.515858 -0.186813 0.392314 2.466956 -2.838487 -1.852022 -3.469655 1.759287 1.500925 -0.602848 20.833868 27.924779 29.954145 27.237871 30.998661 24.550508 27.099486 26.056693 -2.885145 2.884533 1.067296 -3.009813 -0.202374 -2.010600 -4.845049 -1.926967 6.780240 -0.253370 -0.727467 2.309249 1.310540 -1.597095 -1.233642 1.049586 -2.429412 -1.330018 -2.340800 -0.717428 2.242441 -2.301886 24.589731 29.462907 22.064579 23.820917 -2.934644 -2.132604 -3.511938 -1.394025 1.509270 -3.016759 -3.561436 -2.901258 3.140309 -4.124418 -3.112771 0.535081 -3.499740 1.876927 1.884429 0.719456 -1.406648 1.120563 -0.392954 0.715706 4.638071 1.640678 4.019541 0.182929 0.281005 -0.843112 -4.052833 0.353485 -2.290819 -3.535716 -0.446919 -1.650251 -2.059252 -2.249276 -0.934930 0.411699 0.206159 -5.570940 -1.484658 1.771701 -2.187731 0.514619 -3.630425 4.297517 -0.601469 -3.065758 -2.383919 -1.903496 1.679888 -1.196719 -1.233611 1.358794 -0.663937 1.258616 -2.419193 -0.969645 -0.173343 0.628865 2.812006 1.336830 -4.101229 0.489831 -2.220087 -0.860332 -2.858606 -2.043981 2.189096 -0.051435 3.514672 -0.755890 0.567250 4.578207 -2.888668 -2.846766 -1.591033 0.690056 1.980924 -0.473848 -3.406597 4.495263 -0.085356 0.806903 1.513569 7.754218 3.515980 -1.795707 -1.860232 0.531764
-1.578777 3.993380 4.314126 28.881189 25.617491 21.829914 20.761406 25.872272 24.856081 17.092157 30.550265 19.580836 44.447866 31.824724 30.485069 31.516681 1.475900 0.588918 -0.006042 0.681120 -1.745231 0.076592 -1.238278 2.392945 -3.642833 2.433733 -2.227413 -4.184872 0.774771 -0.103071 0.249693 2.523402 -2.081687 -2.294441 -1.359644 -1.359169 0.769320 -1.097636 0.933474 1.666809 2.446925 -4.788000 -4.072703 2.351006 -0.227941 -2.930944 0.671803 2.904342 0.697672 -3.392446 -1.514326 4.968102 -3.383621 -1.352180 -2.706805 0.676519 1.033937 -1.783536 1.753561 2.318490 -4.299780 -7.849337 0.067104 -1.253358 2.235482 0.534216 0.313228 -0.743120 -4.277885 0.322331 2.823254 -1.240043 -2.719800 3.013602 6.003577 2.522728 -0.723515 3.120338 26.177171 30.943961 31.756813 29.070153 28.689766 29.419694 23.647710 24.918677 0.302323 -1.928939 3.681198 -0.931607 -0.632976 -3.893892 1.111198 1.391485 -4.012543 0.372756 1.564314 -0.471289 4.529895 -1.601108 1.266040 0.604194 -3.008031 -3.431417 -4.963890 -0.716005 -1.824846 -2.040548 32.418986 33.098920 25.719445 29.118288 -2.359280 -3.464553 -2.152248 -1.060570 -2.164161 -1.177605 -1.620074 -0.582072 -2.467248 -2.039904 -1.209997 0.177380 -0.625357 -2.869360 1.097983 0.798178 0.584319 -1.261621 -4.508373 3.819500 -2.190002 4.068752 -4.406084 -1.497705 1.966983 1.061529 3.727789 -4.324656 -0.396104 -1.546525 0.118516 2.855856 0.120931 -0.254580 3.496425 0.365224 0.575721 0.165308 1.861874 2.871817 -1.799673 -3.100154 1.680128 0.112226 1.389727 -1.639001 1.515224 5.750478 -0.098654 5.185733 -4.404047 2.154636 -0.281148 0.849616 -0.852038 0.431764 4.938608 0.754877 -2.721878 -2.461412 -1.144639 2.953286 -1.299616 -1.917040 5.696752 -2.390074 -2.954928 2.276900 0.075856 0.622385 -4.669378 -0.856869 -0.380072 -1.464865 -1.398110 3.843594 -1.417887 -2.083851 4.335784 2.943088 1.807488 0.605333 2.699385 0.421671 0.296592 0.386781 0.085557 -6.655928
-1.035795 -3.052843 1.540450 37.031376 32.049017 32.111552 27.253797 34.151307 35.474651 23.044705 39.331441 24.459434 31.824724 74.969852 39.081992 37.842741 2.038719 -2.194979 -6.339805 0.394962 7.173058 1.671063 -3.741196 2.696850 0.993378 1.412701 -5.433826 4.584535 5.761927 2.473810 -6.814956 1.260298 -0.492956 7.113553 0.041313 -4.806904 -1.810341 0.274370 2.435013 -1.016914 -0.584004 6.219647 1.843813 2.419851 -9.443861 3.494432 -5.927096 2.802790 4.834979 2.188123 -2.694435 -1.086221 1.398778 -0.203751 -3.312993 6.803846 1.351877 3.115175 -0.103523 2.693369 -4.882262 1.046372 4.987403 -0.849916 -4.620470 -2.709846 -0.223608 -2.583580 -3.291563 -1.323258 4.819480 -4.246063 1.400713 -2.403310 -2.609330 -2.503221 -3.401653 -4.487297 38.342576 41.745238 35.586604 36.173348 39.413244 38.501775 38.098995 28.480285 -3.205334 -7.186285 -0.950782 -3.141262 0.370310 4.263235 -0.714089 -5.484391 1.289211 -2.744227 -2.571513 -3.440437 -4.735911 -3.917162 -1.011894 -3.847563 -0.020126 -2.055119 4.352711 0.657082 1.098498 -1.475625 38.482985 40.420569 29.518606 42.260029 2.927254 2.346198 -2.225720 -0.320448 -1.265249 -3.798913 3.397142 1.313994 2.295729 -0.385553 5.671289 -3.746294 0.601868 -1.024499 0.163097 -0.561068 7.450901 3.738921 0.461900 1.909201 -0.051478 -3.210511 -2.751450 6.607452 9.011790 0.127091 1.092185 1.513417 -4.394222 -3.626481 0.700791 -6.150394 2.086356 -3.882750 1.251783 -0.001090 -3.420369 -2.719143 3.988652 3.441857 1.746097 -2.429629 -0.662749 1.580080 1.146741 -3.370483 -8.491238 -3.513237 0.248611 5.276668 4.814170 2.135283 -1.222804 -1.902491 -1.698283 -5.540704 -1.292117 -0.258974 1.994299 1.232948 3.813030 8.493471 -1.778248 -3.149283 1.985567 -0.042976 2.730167 1.711380 1.011846 -2.185429 -1.493715 0.533434 -6.385773 3.551579 2.538256 -2.453379 0.247472 -1.374247 -4.733972 2.985986 -4.573915 -4.103383 2.878273 -3.919445 -0.739261 1.460487 -2.852063 -0.809294
3.896509 -3.546126 -2.055868 31.472304 35.283979 31.327546 25.704732 26.170772 30.826496 22.159152 38.826222 24.975203 30.485069 39.081992 68.831655 38.796706 2.051932 -1.259232 1.476481 -0.671660 -5.237565 9.934652 6.394066 1.187158 -2.088862 -4.863431 2.345881 -4.708762 -3.834220 -4.559985 2.887145 -0.762384 -3.912449 -3.114548 0.118824 -2.137382 -1.274550 2.849407 -2.495231 -2.701406 -3.358357 -2.114752 2.785198 -0.090434 -2.279968 0.483879 -2.897545 1.660468 1.411601 -0.968383 0.537907 1.117565 2.172075 -1.469944 2.874275 0.605143 6.344524 4.924033 -0.784342 -0.426026 4.257310 0.959388 5.300686 4.073758 1.008575 -2.811790 2.615168 -0.128099 -0.200636 -4.019467 -1.569834 -5.068414 1.948573 -0.747342 1.528784 6.654060 1.075002 4.068911 31.061491 41.540309 39.977285 46.083539 40.812014 39.212947 38.835347 35.441150 -3.027860 3.897741 3.369826 1.361550 -6.841696 1.245953 -0.639534 -0.664228 -1.469606 3.318793 -2.878529 -1.082554 3.960554 -1.742399 -3.842202 0.225717 -0.047479 -1.861582 -4.378677 2.464291 -2.752006 1.691704 38.754787 36.399752 29.339389 35.877152 -1.861982 -0.002951 -4.484898 -1.478816 1.290576 -5.112876 -0.408795 -1.503904 -3.181214 -3.481684 -2.345557 0.889702 -0.439820 2.481148 -2.326370 -1.225567 3.322890 5.621965 3.186956 3.891958 3.577720 -1.846842 -1.058579 -1.241534 1.416546 -4.605912 8.435180 1.319482 1.210022 1.510175 1.336867 6.338783 -1.558956 2.097965 -4.005429 4.638160 2.566296 0.268409 -2.424710 -1.200031 -1.025504 1.910102 1.222863 2.864307 -4.857816 -2.625738 -0.235002 -0.219885 5.806853 4.717048 2.175901 -1.919321 -0.072514 -1.723412 3.396094 2.896682 0.521531 3.383196 -0.095995 -0.547829 -1.564823 4.477876 -4.485238 1.103980 6.547308 4.245343 -1.280297 3.293649 -2.966581 -3.764692 -2.992116 2.079075 -0.530313 2.135944 0.093639 -1.368226 -0.097493 -1.328791 1.527032 0.805451 0.128144 4.761814 -0.797876 -6.518799 -3.266305 2.067390 -4.401503 -6.153894
-4.032532 3.014400 -2.639862 35.696573 33.548627 28.731385 26.502982 30.767687 29.973506 24.389483 37.796205 23.330177 31.516681 37.842741 38.796706 67.676978 -1.917945 -2.056244 2.206097 3.042539 1.761862 1.260640 3.713681 4.488652 1.426975 0.594250 1.145463 -1.953119 -3.653751 -0.621406 -0.673092 6.122706 2.181190 1.852177 -2.944827 2.545126 1.709958 -0.985877 1.757511 0.935125 -1.118580 4.179822 1.834675 6.248822 -1.255058 2.927959 0.158979 2.807436 6.511941 -3.914090 -0.796047 2.998005 0.479461 -0.389221 -1.759532 2.194566 1.731952 1.611676 -1.376384 5.134638 1.590190 7.002327 -3.822791 4.371352 4.147651 0.854295 1.178186 3.318211 -1.260150 1.020776 3.747890 4.267864 3.450682 -2.516661 -0.584587 1.246343 -1.215147 -0.050989 32.440958 38.882266 40.839857 44.150490 42.555699 39.701274 34.321205 31.224792 3.873575 -0.530768 -1.635785 -3.848882 1.170582 6.495427 2.464637 6.521380 2.949694 2.732741 3.515942 3.394659 -3.500497 9.633786 1.526165 -0.457725 2.577754 6.057670 -0.468687 0.627109 0.182752 0.034290 40.062443 38.928832 32.393303 40.357983 -0.147501 4.597852 1.953117 -1.039041 -2.789877 1.023960 -0.353565 -6.035839 0.043771 0.678118 5.637957 2.544702 5.008562 2.042959 -0.196914 0.311446 -1.946746 0.489907 -2.756257 6.598178 -9.685860 0.599182 -1.758545 -1.915994 -2.859708 2.616024 3.338964 4.920198 1.012820 -7.378163 -3.608390 0.836055 1.989148 1.832203 7.538913 -1.998433 2.458191 2.285446 -2.029661 1.373084 -0.217700 0.717630 -3.069380 -0.115126 -1.356250 -0.837644 3.661248 1.955961 6.787247 6.633841 -0.380678 -5.651065 5.353927 3.730175 1.507676 3.313691 5.768475 -5.628617 4.751013 4.335077 -1.637118 2.084995 -0.492424 2.373500 2.345201 -0.199464 0.566354 4.432456 2.364144 -2.338693 -1.088089 3.386645 -7.158739 -0.087290 -0.143433 4.437602 -3.440818 -4.279872 2.686717 -5.104538 -2.284169 2.813449 2.590843 -0.401318 4.838880 0.348183 1.707537 -0.685514
36.681094 35.909348 27.809546 5.186408 -0.823827 -0.101893 0.261906 3.236750 -0.563015 -0.032456 2.562561 1.462845 1.475900 2.038719 2.051932 -1.917945 55.983655 41.399089 41.909925 -4.013856 1.684311 -0.646727 -7.086358 1.282209 -4.096693 5.011862 0.014431 1.085067 -3.818528 0.546816 3.764513 -0.715592 -3.000767 3.400398 5.608445 -3.205772 -2.932753 0.239421 -0.133107 0.230871 -2.992067 -1.037928 -5.601462 3.327612 -1.358226 -0.083447 -5.516770 2.137992 0.704167 -1.934848 -4.406585 -1.686527 -6.180548 -6.047123 2.578658 6.692094 -0.473679 0.884222 4.387648 0.591210 -1.041969 -2.529692 1.370820 3.291874 -2.208462 0.257910 2.170975 0.559902 36.144392 -1.408657 -1.703149 -2.560292 1.659861 -4.356457 34.974320 36.456074 37.222309 40.719148 -0.005982 2.644452 -0.265779 1.751033 3.432007 5.195461 1.174367 0.056240 34.182261 34.643523 41.303510 31.500726 -4.884620 -2.855181 -3.656766 0.972991 -2.415592 -3.896766 -4.300654 1.168996 2.720855 -4.953568 -1.019573 0.658336 0.868938 -5.206591 -3.349126 36.473621 37.533533 34.776688 -0.377373 1.700069 -1.249163 -0.087817 40.643763 -0.437464 2.252912 2.896102 1.303183 5.121782 3.450529 3.837239 -5.011003 -0.814030 -5.099086 -0.915386 -0.155841 -6.799402 2.634205 1.707146 -1.574588 -0.312927 5.472455 -1.864933 -0.579941 4.936781 2.179095 -4.579369 -1.739932 -0.271180 -2.240149 -0.182679 37.557207 38.924370 31.378240 34.839924 29.292512 32.842184 2.252513 -0.262706 -0.956329 0.018629 0.689222 0.377622 -1.284832 0.619659 -2.322298 4.052205 1.294830 1.195832 -3.829906 -1.944506 -3.909863 2.588674 -8.939901 2.476533 -0.638012 -6.259593 -2.604670 -4.686707 -2.283063 -0.634012 -1.369456 -0.121072 0.915879 0.855919 2.663484 -2.998891 2.215068 0.245375 2.867097 -3.100951 -4.356683 -5.125180 0.545407 -1.217386 3.444537 2.531167 1.188881 -3.259393 -1.900410 -1.664191 -4.823830 -2.941203 -1.531249 -0.286596 -7.608646 -1.340279 -2.076810 -1.384841 0.074768 -2.539750
39.673698 39.326992 37.093651 -2.398297 -1.478435 -3.718336 -2.428201 6.294420 -0.015258 3.245141 -5.583122 2.941961 0.588918 -2.194979 -1.259232 -2.056244 41.399089 82.768313 49.775784 4.068426 2.938100 1.281798 -3.171274 1.522319 -1.693361 4.523987 2.212949 -2.967485 -7.979986 0.603389 7.322484 -4.120393 -1.181920 1.779609 -0.374959 -0.340731 -0.817145 -2.869385 -8.623632 9.957549 -4.088564 -0.616772 2.502238 5.006957 3.835343 -5.350377 -0.369568 -1.278860 -1.375537 -0.741719 0.605683 1.102033 9.398760 2.516633 -2.741500 1.253401 -1.490641 -2.715170 -7.237150 1.150000 2.797903 4.228242 2.719202 -5.976959 0.835413 -5.094997 1.925114 0.300579 40.091215 0.169182 3.783699 5.131881 0.925468 -3.478460 39.469042 43.651351 43.517813 38.874082 -2.501234 -0.586734 -2.711428 -4.180649 -5.108775 1.047093 -3.916421 0.285748 39.074279 44.809132 43.924047 34.804840 -1.045422 0.722820 -0.262864 0.906718 -5.498075 1.619583 -1.051880 3.608279 -0.818742 7.456061 3.510555 -3.826975 -1.711580 -7.874103 -3.670440 43.581719 43.814052 32.761827 1.122897 4.313115 -3.087972 1.720750 41.127582 1.005366 2.558432 -0.877245 2.380372 -1.138319 0.895846 -1.923995 -2.230610 1.345827 -0.505578 -0.109332 3.820037 0.426182 3.572506 -1.523056 -2.403310 1.780701 4.071184 1.984125 -4.705815 1.083800 -0.749681 -3.451097 -1.783097 -5.268411 2.365072 4.155058 45.025522 43.637960 41.462070 39.622133 34.207701 38.375933 1.141382 2.659622 -3.305287 -4.003267 -6.350514 -7.062100 2.778864 3.284594 -4.959076 1.813560 1.839470 -4.033758 3.974073 2.346577 -1.351158 -2.901463 3.951066 2.827867 -1.493577 -2.612109 4.389595 -1.608205 -2.967929 1.096915 -2.744087 -1.961761 -5.707888 2.789139 -7.505541 -0.568899 0.137754 -7.586866 6.862827 7.323622 -2.085250 -1.312395 -2.241143 -0.344662 3.183564 0.493973 6.573444 -6.076981 1.179787 -7.149820 -2.741312 -4.298021 -2.541853 -5.183522 -5.873776 -0.162151 4.374022 -4.621309 -2.778267 0.986103
50.199292 45.764469 43.751609 2.838051 -0.212150 -3.849818 5.907190 8.447669 3.124095 2.767672 -2.258490 0.776997 -0.006042 -6.339805 1.476481 2.206097 41.909925 49.775784 91.629117 -1.477628 0.648285 -3.022654 -5.131188 5.034954 -1.039899 0.214285 1.863954 3.709421 0.134889 -1.421697 -4.616450 -1.090489 2.339678 5.435647 -2.446566 2.756350 0.331876 -10.027439 3.841442 -1.089391 -1.166309 5.343246 -6.290445 1.095434 1.618920 -0.385370 0.991725 1.689942 3.017872 0.693396 -4.079640 -1.801960 -2.183870 -7.141572 3.168948 1.963524 -1.852992 0.529042 -7.137917 -5.637438 2.153570 -2.130611 3.183771 -2.322378 0.762029 -4.142044 2.140457 0.244392 49.451607 1.980645 -0.317929 -0.333157 -0.015356 0.141102 41.058023 43.475905 46.380516 54.962471 1.360530 4.206491 5.410937 3.155991 -1.416214 3.667535 0.837067 0.760184 43.045168 49.186545 47.788556 43.523008 -3.515635 4.139833 1.109027 0.860267 -1.519866 -1.181211 5.123041 4.947261 -4.045651 -2.866040 0.322572 -3.029504 -5.516277 -0.904149 -0.157646 44.591818 45.634246 39.597937 -2.591125 2.024032 -1.572422 4.678058 51.259760 3.791047 0.631833 4.283320 -6.941778 -0.097409 -1.474693 -2.256423 -4.660833 -2.637776 1.440094 2.896374 3.503407 -5.556527 -1.029149 -3.432758 -1.317928 -5.179527 -4.134355 -11.319744 -1.753657 -0.702640 5.779559 0.266642 2.845157 -4.504267 -6.814121 3.265239 54.435196 54.054746 40.740531 49.474162 40.774723 48.386547 0.253849 -1.006949 0.209470 4.243767 3.060164 -1.486099 -4.715122 -7.098889 -1.144853 3.646593 -0.372912 1.929662 -0.772743 -0.502549 0.324891 -0.929966 -1.079531 -11.005087 -0.041332 2.632164 -0.791855 -2.360363 4.596771 -5.436338 -6.858331 -5.064508 3.153383 -4.541467 1.205988 3.244621 -4.336727 0.816859 3.112941 -6.941080 1.930524 0.423719 -2.819080 0.020002 -1.624650 1.340247 -0.116849 8.198637 5.233103 -6.718000 1.624346 -0.143485 0.349845 -1.676748 -1.341838 1.917660 3.150958 3.416682 0.094984 -2.036522
2.444961 -1.258663 -2.236925 -4.143508 3.864244 -1.807881 -0.416651 -0.312362 -0.834375 1.942507 -0.513108 -1.354298 0.681120 0.394962 -0.671660 3.042539 -4.013856 4.068426 -1.477628 85.690868 48.121212 6.226977 0.433793 0.696350 -2.085127 -1.326530 7.454900 -1.169779 3.531329 4.259974 7.440754 0.742342 42.787368 36.377471 39.553374 47.843547 -2.426777 1.953250 -1.818884 0.156850 -0.145264 1.245427 0.567546 -2.648196 -1.181228 -0.553251 0.631878 0.427641 1.620758 -14.413579 6.611461 -4.569781 -1.094538 -3.505056 0.162366 -0.027516 0.674119 -0.643763 -7.877037 -1.979422 4.216047 -2.068973 -5.960877 -1.258789 4.737030 8.751907 46.597904 44.383215 6.382234 39.602397 48.417608 42.190527 41.095996 42.867128 -0.960798 5.639597 4.256684 4.331283 3.130788 0.610887 1.079910 4.591503 -0.389924 -0.185284 1.499917 -0.611368 -2.582774 -5.204955 0.655372 1.081569 47.579164 51.786078 3.543492 -1.055228 -0.190353 2.121353 0.157800 0.446088 1.047471 4.160122 2.717924 1.595814 -8.695004 55.876900 57.842346 -1.397807 2.736102 2.282136 0.955265 1.799749 0.483799 0.663874 1.912597 49.336571 -7.208860 -1.547057 1.688824 -3.324043 7.123219 3.495813 -1.105882 46.340295 41.540781 -7.775742 4.195168 -0.671339 3.370961 43.735591 49.464347 39.883083 0.905711 -2.314648 -0.015977 3.990429 4.361891 0.916836 1.725127 -3.258254 0.873401 42.798153 6.768740 4.312197 0.901326 4.467436 3.585828 -0.806757 44.493327 1.565550 4.564194 -4.330384 0.763371 5.516616 -1.056892 8.827618 -0.719405 -0.638077 0.693009 0.811093 2.771228 1.958348 1.312165 -1.514791 -5.080948 -2.111566 -7.482273 1.501756 2.456720 0.292904 4.084859 0.077905 3.673949 -1.802741 -1.912243 -5.012638 -1.255095 2.391953 -1.120661 -4.809561 -2.332434 2.881393 0.821449 10.356641 -6.707474 3.487410 -2.722026 0.130414 -1.233587 -2.042548 4.379371 -0.898376 -3.635949 1.908751 1.550977 7.307009 -2.552325 -7.355091 -1.436653 -4.312397 3.895040 -1.074139
