# 协方差矩阵（对角线方差=25-144）
# 基于分组相关性矩阵生成
125.170359 2.306266 4.506899 -0.594757 -5.352550 -2.712440 -1.850478 10.458451 -0.464240 3.835440 7.161544 2.959939 -3.659762 0.145364 3.645887 2.193860 -4.264552 1.252150 -1.050369 3.710642 90.888239 85.123435 89.731299 92.970749 85.661738 75.889644 -4.291533 7.381530 -3.061537 -12.530303 7.448222 5.135485 6.860943 -4.809160 -2.043088 -0.353060 6.507006 8.679115 1.291084 -13.820656 -5.089571 96.002912 82.362155 75.193576 11.763661 -9.022836 -4.175798 0.631089 -9.741788 -1.386821
2.306266 101.409252 79.559923 -1.745777 5.796850 4.767882 -0.261445 -0.433044 1.468397 -0.648920 7.130782 4.781288 2.203123 -5.279467 -6.309560 -0.220306 -5.162862 -3.392729 2.132149 74.728038 -2.406366 5.088333 3.042598 -2.436870 -6.335636 3.213320 65.594459 1.553927 -2.793902 2.010893 1.083474 4.793996 -4.851087 1.115258 6.121965 -0.813830 0.681706 1.143813 -0.459282 4.854569 68.168458 -0.828342 3.657858 -1.379081 76.404750 71.790807 67.192821 74.201133 62.149271 -1.665096
4.506899 79.559923 108.864426 -7.644811 3.457361 0.129250 -3.698694 0.615789 -2.025966 -2.305557 3.401052 -3.288562 0.064804 -0.259802 2.719156 -3.884238 0.489184 1.674160 -4.407010 75.829181 -0.585112 1.703646 8.753479 -10.654550 -4.449752 -1.219874 75.792418 -1.067390 -1.551438 -6.003317 3.094574 0.605849 -1.286510 -2.522075 10.739907 1.321277 2.492898 -5.685756 -6.567005 -0.714574 74.413190 4.007046 -3.619426 -2.954756 60.731014 62.471876 67.043822 65.183917 63.576992 7.191289
-0.594757 -1.745777 -7.644811 92.105974 75.567474 71.063643 68.739929 0.476764 0.352907 -5.647158 0.085529 -6.506911 -0.885954 -1.580086 3.684147 2.820128 -1.828623 1.015255 -1.398113 -8.762847 -0.565320 3.177405 0.305263 1.687960 -2.210960 -1.995512 2.974409 67.290994 57.879655 65.422757 4.538329 -0.953290 -2.069683 6.711864 0.042566 1.573494 -1.168224 -0.531283 62.060024 75.175315 -2.356533 -0.044391 0.659748 -6.777958 -3.172300 8.283631 -1.257593 -7.644653 -4.864471 67.032581
-5.352550 5.796850 3.457361 75.567474 93.180225 68.656288 60.989750 -3.335516 0.230358 -0.988255 7.289580 -3.705418 0.219075 -2.822505 0.621439 -0.553828 -0.214769 -2.457260 -3.458442 -5.944903 -1.702665 2.471271 9.102883 2.600195 -1.911853 -1.110570 -6.885196 64.534786 68.100222 56.583654 5.022906 6.576582 -4.561693 -1.476330 -1.002568 3.592959 -0.623708 -12.085333 61.721418 75.494712 1.647931 5.731629 1.500657 -1.894414 -1.282203 6.186752 -0.594868 -8.815515 -0.147563 70.187263
-2.712440 4.767882 0.129250 71.063643 68.656288 95.217355 58.062352 -5.580835 -1.032160 -3.515712 0.894924 0.682768 -1.299265 -4.136337 1.863443 1.762565 1.108299 3.673197 3.894104 -3.771980 6.164353 8.510798 12.470249 7.180804 5.511631 -2.331449 -1.019793 59.883978 65.686306 71.125563 1.810114 -2.499783 -4.771978 3.471355 -0.658846 2.360792 -3.519466 5.762002 61.594021 73.393850 1.675018 3.390000 2.026261 3.869518 -1.857188 3.970162 -1.441390 5.482691 -2.558184 67.093411
-1.850478 -0.261445 -3.698694 68.739929 60.989750 58.062352 83.869696 2.818569 3.827331 0.280944 4.825794 -0.189743 4.437061 4.634900 1.947649 -2.044454 -3.730809 -3.366981 -1.446118 -4.668872 0.078133 -1.132524 -2.529081 1.331941 5.661190 5.662486 4.181160 62.878700 58.859208 63.669855 -2.634589 5.142351 5.714286 1.249256 1.958681 3.821251 3.073702 -2.923157 63.855081 65.368014 -3.729403 -1.888092 -5.523367 2.794735 -2.976213 0.889507 3.930293 -0.705719 0.764553 63.101719
10.458451 -0.433044 0.615789 0.476764 -3.335516 -5.580835 2.818569 63.256565 39.219973 53.382391 45.010665 46.433979 -5.612142 -0.580261 -1.881640 -0.790490 -3.976218 -2.480800 55.044715 -3.734369 -9.136989 -1.333721 5.438556 -2.952093 -0.046562 -2.193883 -0.833641 -1.557637 4.950229 -2.200626 51.120547 47.032188 51.792410 -0.345886 1.298391 0.115441 -0.165012 53.160834 -1.021795 -2.051850 5.115358 -2.775008 -9.556209 1.175705 0.620850 -1.840649 -3.822088 -1.006019 -1.221685 -2.549888
-0.464240 1.468397 -2.025966 0.352907 0.230358 -1.032160 3.827331 39.219973 60.236649 46.223850 39.786970 36.409534 0.798517 0.145187 1.786890 -6.312420 -1.439469 -9.321165 38.957846 2.294449 0.636685 1.895684 -6.425323 -5.668135 -0.980687 -4.735017 -1.812759 -1.753375 2.514502 1.505209 41.920356 42.643828 44.574946 -2.002680 1.629028 0.823574 3.206986 49.423205 5.106957 -3.098300 4.918018 -5.132303 6.684934 0.866824 3.447445 -0.257406 4.568085 -1.416498 -0.496205 -4.903197
3.835440 -0.648920 -2.305557 -5.647158 -0.988255 -3.515712 0.280944 53.382391 46.223850 71.774864 47.928942 48.059022 -3.892714 3.666645 -2.190348 -1.396242 -4.955467 1.455459 58.882611 -3.230457 -4.084419 -2.066887 -7.850716 -2.235789 4.801673 0.607610 -3.289531 -3.588934 6.011441 -6.536171 48.638109 48.008363 52.886005 0.552976 -3.376239 -4.201178 4.068653 58.674108 -3.351403 -0.004923 -4.360206 1.069109 0.062604 3.016417 2.811172 -1.852503 -3.474732 1.738374 5.659459 7.025969
7.161544 7.130782 3.401052 0.085529 7.289580 0.894924 4.825794 45.010665 39.786970 47.928942 60.559817 40.486476 0.713905 -1.702468 -2.779001 -5.556292 -5.079301 -3.538633 54.183596 4.555096 -3.120487 -0.202819 6.665955 2.164647 5.262935 5.456824 -5.729610 0.088412 6.343883 -6.354613 45.242103 41.427326 45.232320 -0.306261 1.686598 5.292165 0.309627 51.803677 5.215018 4.439468 0.761613 -6.095156 -2.137748 4.828254 0.116210 1.500859 5.200427 -4.659051 -2.709867 3.408861
2.959939 4.781288 -3.288562 -6.506911 -3.705418 0.682768 -0.189743 46.433979 36.409534 48.059022 40.486476 58.296703 -2.270219 -0.646525 2.028763 2.504706 0.798059 2.712930 53.460077 -0.986242 2.052966 4.060412 0.255084 9.521658 5.308079 4.680813 -1.733967 -1.638545 5.451405 -0.481542 43.588403 45.424212 48.297409 0.847138 -0.818021 -0.306666 -2.032316 52.821600 -7.801430 2.620215 -0.661144 -3.009376 -4.437967 1.795965 8.148994 0.016955 3.753810 10.922432 -0.476321 -2.761200
-3.659762 2.203123 0.064804 -0.885954 0.219075 -1.299265 4.437061 -5.612142 0.798517 -3.892714 0.713905 -2.270219 46.735266 30.066410 33.264024 31.297792 30.866918 41.580426 2.022778 1.515950 -5.794325 5.771098 -2.390943 -3.977582 -6.508306 5.400005 -2.449317 -2.295438 -3.864909 7.081437 -0.929948 -4.104817 -2.878684 38.657009 28.931940 35.142631 40.914167 -5.348427 0.181345 -1.250856 4.093850 3.932414 -1.246732 -3.765696 1.525133 1.746052 3.064365 -3.650835 0.783017 -1.721327
0.145364 -5.279467 -0.259802 -1.580086 -2.822505 -4.136337 4.634900 -0.580261 0.145187 3.666645 -1.702468 -0.646525 30.066410 37.857623 29.422721 30.062401 31.008115 40.418247 5.065891 -1.559251 0.129813 2.881144 2.521603 -1.634241 -3.878897 4.552212 -0.397175 -8.297639 -2.673449 0.241123 -3.518546 1.291693 1.920805 32.309559 28.689290 28.714078 35.519435 2.111443 -0.825940 1.025219 1.398681 0.925460 2.130721 8.981330 -1.753449 1.723835 -5.824125 0.327648 5.283722 -0.092938
3.645887 -6.309560 2.719156 3.684147 0.621439 1.863443 1.947649 -1.881640 1.786890 -2.190348 -2.779001 2.028763 33.264024 29.422721 47.813774 36.093341 32.678639 43.212004 0.597875 -9.015705 7.428283 4.992511 -1.963393 5.042487 -1.301751 -2.154801 4.488497 -0.735255 -0.729307 3.685356 -1.202151 3.179323 5.679950 42.128009 29.609723 33.040264 37.344546 -0.058864 0.355125 2.787047 3.725484 -5.377486 0.441404 -1.172194 0.725436 -5.914908 0.691806 -0.334046 -3.458362 1.679341
2.193860 -0.220306 -3.884238 2.820128 -0.553828 1.762565 -2.044454 -0.790490 -6.312420 -1.396242 -5.556292 2.504706 31.297792 30.062401 36.093341 50.710698 35.441241 49.957533 0.484750 -0.027642 3.994992 2.657149 -3.700488 4.665403 2.477369 -3.663445 -3.523608 4.248991 6.424178 3.143268 2.015580 -0.003837 2.004656 42.583874 34.373569 28.526537 42.209960 2.707024 5.716390 4.466551 3.806331 -1.920552 -1.053685 2.938025 3.583582 3.129119 -3.041122 4.299649 -1.234969 0.394097
-4.264552 -5.162862 0.489184 -1.828623 -0.214769 1.108299 -3.730809 -3.976218 -1.439469 -4.955467 -5.079301 0.798059 30.866918 31.008115 32.678639 35.441241 46.317709 40.798073 1.710076 -5.603244 -0.063044 -0.498803 0.428291 3.570950 -3.282249 5.921318 -3.534904 -0.400327 6.834714 4.041976 0.870817 -4.284710 -2.475764 36.938518 34.314733 31.511493 36.571938 -4.953148 6.962625 4.787262 4.357460 3.010280 0.569313 -0.228378 -2.765002 -1.247651 -3.143167 1.970006 2.500199 0.759274
1.252150 -3.392729 1.674160 1.015255 -2.457260 3.673197 -3.366981 -2.480800 -9.321165 1.455459 -3.538633 2.712930 41.580426 40.418247 43.212004 49.957533 40.798073 69.193583 3.341829 2.099506 2.742763 4.673872 0.846646 -0.784030 3.320165 3.107469 -3.711449 -0.289738 -0.238345 4.327157 -0.410317 -4.104866 -4.352306 53.999902 37.929773 41.114634 47.450661 0.858291 0.309189 4.250068 1.607161 1.117656 -8.111215 5.139009 4.649845 5.043629 -5.175995 0.665204 3.274944 3.934123
-1.050369 2.132149 -4.407010 -1.398113 -3.458442 3.894104 -1.446118 55.044715 38.957846 58.882611 54.183596 53.460077 2.022778 5.065891 0.597875 0.484750 1.710076 3.341829 85.913516 -1.733864 -6.496276 -1.623242 2.172665 -9.563738 -3.773888 1.389667 -1.891278 -0.527726 -3.970015 -3.636001 52.221868 46.271783 56.938397 -1.232287 1.893841 6.223972 -5.560074 67.674491 -7.357490 3.829177 1.419392 3.612447 -7.528396 -1.137168 2.203150 0.536389 -1.543022 5.228188 -5.173080 5.824019
3.710642 74.728038 75.829181 -8.762847 -5.944903 -3.771980 -4.668872 -3.734369 2.294449 -3.230457 4.555096 -0.986242 1.515950 -1.559251 -9.015705 -0.027642 -5.603244 2.099506 -1.733864 90.315706 7.523869 5.882955 5.254565 -10.291181 -4.942093 -3.243950 66.575609 0.777075 -3.298883 -0.431222 -1.345272 -4.669182 -6.307820 -5.632920 0.214830 -5.408738 1.287276 5.505178 -2.993722 -2.406815 67.782165 3.128999 -4.564054 1.173494 69.814444 66.788496 61.526786 59.537790 60.265976 1.812931
90.888239 -2.406366 -0.585112 -0.565320 -1.702665 6.164353 0.078133 -9.136989 0.636685 -4.084419 -3.120487 2.052966 -5.794325 0.129813 7.428283 3.994992 -0.063044 2.742763 -6.496276 7.523869 109.847025 76.041998 86.192908 91.548439 86.693377 70.705182 2.061628 5.132326 -1.827382 1.746339 1.465054 0.220350 2.788592 -2.050150 -5.335832 -5.081313 0.690686 5.957262 4.552232 5.119838 1.715352 86.293890 77.694780 73.731092 7.956495 -2.688119 5.309154 12.334455 -2.168830 4.963371
85.123435 5.088333 1.703646 3.177405 2.471271 8.510798 -1.132524 -1.333721 1.895684 -2.066887 -0.202819 4.060412 5.771098 2.881144 4.992511 2.657149 -0.498803 4.673872 -1.623242 5.882955 76.041998 105.025759 79.549714 93.990610 77.533006 63.776889 2.461297 6.596931 -0.321567 -1.699478 -4.913884 -2.535476 -1.025643 2.000460 3.345177 -2.560616 -0.330028 -2.442029 -5.154568 1.403715 5.326065 85.687281 80.281207 73.075837 2.225934 1.558905 7.439373 4.153464 5.418605 -2.220006
89.731299 3.042598 8.753479 0.305263 9.102883 12.470249 -2.529081 5.438556 -6.425323 -7.850716 6.665955 0.255084 -2.390943 2.521603 -1.963393 -3.700488 0.428291 0.846646 2.172665 5.254565 86.192908 79.549714 120.148908 87.230914 78.706528 68.457878 -5.913884 -4.096795 2.687050 1.841677 5.022179 -4.414444 -6.587635 -4.568366 1.313087 6.522733 1.366550 2.849175 -1.981097 4.147663 5.890055 84.772791 73.851159 75.808846 0.583825 -0.415059 -8.017136 7.673965 -4.151776 6.460122
92.970749 -2.436870 -10.654550 1.687960 2.600195 7.180804 1.331941 -2.952093 -5.668135 -2.235789 2.164647 9.521658 -3.977582 -1.634241 5.042487 4.665403 3.570950 -0.784030 -9.563738 -10.291181 91.548439 93.990610 87.230914 128.720983 88.501955 83.040010 -0.708339 1.075926 14.115042 3.872960 -3.880037 -2.493923 0.590774 0.604313 -1.515641 -7.485448 3.535220 -0.904525 4.881225 13.729672 -4.010725 82.053037 92.407547 79.064869 -2.068103 -5.202459 7.172161 1.625355 0.148983 6.409135
85.661738 -6.335636 -4.449752 -2.210960 -1.911853 5.511631 5.661190 -0.046562 -0.980687 4.801673 5.262935 5.308079 -6.508306 -3.878897 -1.301751 2.477369 -3.282249 3.320165 -3.773888 -4.942093 86.693377 77.533006 78.706528 88.501955 109.834221 80.765127 -8.069064 10.152077 6.811677 0.182679 -3.440396 -3.702111 4.339735 -3.273566 -0.279736 -4.143894 -0.137036 -0.076376 8.803439 -9.606385 -6.032266 83.187412 76.630148 71.349351 -0.575768 -0.914943 0.633216 6.375275 -6.119499 7.560648
75.889644 3.213320 -1.219874 -1.995512 -1.110570 -2.331449 5.662486 -2.193883 -4.735017 0.607610 5.456824 4.680813 5.400005 4.552212 -2.154801 -3.663445 5.921318 3.107469 1.389667 -3.243950 70.705182 63.776889 68.457878 83.040010 80.765127 102.023134 -6.304792 -3.052821 -5.433775 9.412111 -0.688425 -1.914824 -1.850489 -8.287435 -0.508046 -2.267017 1.490578 -5.405290 6.998228 0.270462 -2.541015 86.361914 76.047915 57.464705 -5.155428 7.771860 2.461058 -2.448523 -3.962265 2.829760
-4.291533 65.594459 75.792418 2.974409 -6.885196 -1.019793 4.181160 -0.833641 -1.812759 -3.289531 -5.729610 -1.733967 -2.449317 -0.397175 4.488497 -3.523608 -3.534904 -3.711449 -1.891278 66.575609 2.061628 2.461297 -5.913884 -0.708339 -8.069064 -6.304792 109.835130 -4.694892 4.980910 10.157406 -2.534495 2.927627 2.998251 7.481575 -2.224408 -1.665510 3.619367 -0.352389 -4.373254 -2.788797 75.713097 0.072298 7.312959 -0.375821 72.986692 70.769656 73.541314 64.200665 71.981982 2.091631
7.381530 1.553927 -1.067390 67.290994 64.534786 59.883978 62.878700 -1.557637 -1.753375 -3.588934 0.088412 -1.638545 -2.295438 -8.297639 -0.735255 4.248991 -0.400327 -0.289738 -0.527726 0.777075 5.132326 6.596931 -4.096795 1.075926 10.152077 -3.052821 -4.694892 87.722577 64.771900 53.929243 1.867258 -5.805627 -5.240957 -0.561334 -0.274962 1.790711 -6.221439 -4.932124 64.277614 64.473548 0.462013 8.603252 -1.970143 4.911246 5.020905 -6.681517 -3.989793 -1.790910 -8.804000 68.083685
-3.061537 -2.793902 -1.551438 57.879655 68.100222 65.686306 58.859208 4.950229 2.514502 6.011441 6.343883 5.451405 -3.864909 -2.673449 -0.729307 6.424178 6.834714 -0.238345 -3.970015 -3.298883 -1.827382 -0.321567 2.687050 14.115042 6.811677 -5.433775 4.980910 64.771900 87.524519 58.307368 4.387102 2.538717 2.566785 2.514054 -1.755568 0.609203 7.802069 -2.890416 69.114666 65.795404 8.365089 -1.926624 2.538750 5.597478 2.549662 3.200958 -0.436662 3.261649 5.402775 66.618181
-12.530303 2.010893 -6.003317 65.422757 56.583654 71.125563 63.669855 -2.200626 1.505209 -6.536171 -6.354613 -0.481542 7.081437 0.241123 3.685356 3.143268 4.041976 4.327157 -3.636001 -0.431222 1.746339 -1.699478 1.841677 3.872960 0.182679 9.412111 10.157406 53.929243 58.307368 91.135593 -1.857844 0.143080 -0.378476 3.030161 -1.064771 -0.398277 5.124957 1.062703 65.271222 75.091995 10.224373 2.908629 -1.605568 -1.791089 0.086925 6.349835 -3.993575 -4.453199 3.080910 64.444798
7.448222 1.083474 3.094574 4.538329 5.022906 1.810114 -2.634589 51.120547 41.920356 48.638109 45.242103 43.588403 -0.929948 -3.518546 -1.202151 2.015580 0.870817 -0.410317 52.221868 -1.345272 1.465054 -4.913884 5.022179 -3.880037 -3.440396 -0.688425 -2.534495 1.867258 4.387102 -1.857844 65.076155 49.722641 45.531748 5.200543 1.793362 3.730520 2.865807 52.421244 1.645986 7.060446 2.145407 7.297900 -1.140964 1.496327 -1.746623 -1.085580 1.172585 -2.624637 -5.917387 -4.383960
5.135485 4.793996 0.605849 -0.953290 6.576582 -2.499783 5.142351 47.032188 42.643828 48.008363 41.427326 45.424212 -4.104817 1.291693 3.179323 -0.003837 -4.284710 -4.104866 46.271783 -4.669182 0.220350 -2.535476 -4.414444 -2.493923 -3.702111 -1.914824 2.927627 -5.805627 2.538717 0.143080 49.722641 62.237269 53.882920 -0.877556 0.736064 0.363674 0.488675 46.372206 2.860728 5.569770 1.165409 1.089371 -2.965864 5.943849 3.407731 -0.082333 4.723422 -1.700417 2.116676 -8.723812
6.860943 -4.851087 -1.286510 -2.069683 -4.561693 -4.771978 5.714286 51.792410 44.574946 52.886005 45.232320 48.297409 -2.878684 1.920805 5.679950 2.004656 -2.475764 -4.352306 56.938397 -6.307820 2.788592 -1.025643 -6.587635 0.590774 4.339735 -1.850489 2.998251 -5.240957 2.566785 -0.378476 45.531748 53.882920 69.142695 -4.511048 0.687613 -4.131788 1.699514 58.386125 1.483691 -0.119069 3.075564 -1.162424 -5.706412 -1.171232 -1.080570 -3.335844 4.419376 2.362829 0.763912 -0.744801
-4.809160 1.115258 -2.522075 6.711864 -1.476330 3.471355 1.249256 -0.345886 -2.002680 0.552976 -0.306261 0.847138 38.657009 32.309559 42.128009 42.583874 36.938518 53.999902 -1.232287 -5.632920 -2.050150 2.000460 -4.568366 0.604313 -3.273566 -8.287435 7.481575 -0.561334 2.514054 3.030161 5.200543 -0.877556 -4.511048 67.490805 39.909475 40.304572 52.504250 -2.354312 0.008480 6.105646 -0.208491 -12.089666 -5.235926 -1.689431 3.405066 -0.423860 2.824450 2.182005 2.208873 -2.316073
-2.043088 6.121965 10.739907 0.042566 -1.002568 -0.658846 1.958681 1.298391 1.629028 -3.376239 1.686598 -0.818021 28.931940 28.689290 29.609723 34.373569 34.314733 37.929773 1.893841 0.214830 -5.335832 3.345177 1.313087 -1.515641 -0.279736 -0.508046 -2.224408 -0.274962 -1.755568 -1.064771 1.793362 0.736064 0.687613 39.909475 44.958719 32.018789 39.172757 -0.712202 2.128427 0.535072 1.147225 -4.057129 -2.567769 0.845184 -5.264056 -0.548936 0.336527 -1.291518 -1.020288 -1.688839
-0.353060 -0.813830 1.321277 1.573494 3.592959 2.360792 3.821251 0.115441 0.823574 -4.201178 5.292165 -0.306666 35.142631 28.714078 33.040264 28.526537 31.511493 41.114634 6.223972 -5.408738 -5.081313 -2.560616 6.522733 -7.485448 -4.143894 -2.267017 -1.665510 1.790711 0.609203 -0.398277 3.730520 0.363674 -4.131788 40.304572 32.018789 44.636682 34.988275 -1.342834 2.786355 -5.219991 0.842200 -2.689065 -5.295314 3.769638 6.071453 -1.557714 -1.133985 -3.126660 -3.551915 -0.946097
6.507006 0.681706 2.492898 -1.168224 -0.623708 -3.519466 3.073702 -0.165012 3.206986 4.068653 0.309627 -2.032316 40.914167 35.519435 37.344546 42.209960 36.571938 47.450661 -5.560074 1.287276 0.690686 -0.330028 1.366550 3.535220 -0.137036 1.490578 3.619367 -6.221439 7.802069 5.124957 2.865807 0.488675 1.699514 52.504250 39.172757 34.988275 62.857072 -0.174933 4.156487 -0.920235 0.329070 -0.713872 5.757448 -2.307576 3.089301 0.208665 -2.365906 -1.679351 0.816129 3.362461
8.679115 1.143813 -5.685756 -0.531283 -12.085333 5.762002 -2.923157 53.160834 49.423205 58.674108 51.803677 52.821600 -5.348427 2.111443 -0.058864 2.707024 -4.953148 0.858291 67.674491 5.505178 5.957262 -2.442029 2.849175 -0.904525 -0.076376 -5.405290 -0.352389 -4.932124 -2.890416 1.062703 52.421244 46.372206 58.386125 -2.354312 -0.712202 -1.342834 -0.174933 82.961698 -5.817540 0.006666 -1.668091 -8.204424 1.089250 5.690086 5.754447 -1.543045 -7.513496 5.385823 -5.647216 0.792414
1.291084 -0.459282 -6.567005 62.060024 61.721418 61.594021 63.855081 -1.021795 5.106957 -3.351403 5.215018 -7.801430 0.181345 -0.825940 0.355125 5.716390 6.962625 0.309189 -7.357490 -2.993722 4.552232 -5.154568 -1.981097 4.881225 8.803439 6.998228 -4.373254 64.277614 69.114666 65.271222 1.645986 2.860728 1.483691 0.008480 2.128427 2.786355 4.156487 -5.817540 81.666063 67.750517 7.016870 3.923760 0.119396 7.315399 -2.658026 3.491975 -0.607798 -6.444254 -0.128507 60.000862
-13.820656 4.854569 -0.714574 75.175315 75.494712 73.393850 65.368014 -2.051850 -3.098300 -0.004923 4.439468 2.620215 -1.250856 1.025219 2.787047 4.466551 4.787262 4.250068 3.829177 -2.406815 5.119838 1.403715 4.147663 13.729672 -9.606385 0.270462 -2.788797 64.473548 65.795404 75.091995 7.060446 5.569770 -0.119069 6.105646 0.535072 -5.219991 -0.920235 0.006666 67.750517 107.555707 3.647645 -4.237609 -5.839312 2.914651 -10.584345 -0.733012 -1.344429 -2.722131 2.514605 76.849115
-5.089571 68.168458 74.413190 -2.356533 1.647931 1.675018 -3.729403 5.115358 4.918018 -4.360206 0.761613 -0.661144 4.093850 1.398681 3.725484 3.806331 4.357460 1.607161 1.419392 67.782165 1.715352 5.326065 5.890055 -4.010725 -6.032266 -2.541015 75.713097 0.462013 8.365089 10.224373 2.145407 1.165409 3.075564 -0.208491 1.147225 0.842200 0.329070 -1.668091 7.016870 3.647645 91.758116 -0.468216 2.176034 6.135903 66.654554 67.783904 67.230707 61.462851 62.699329 1.189034
96.002912 -0.828342 4.007046 -0.044391 5.731629 3.390000 -1.888092 -2.775008 -5.132303 1.069109 -6.095156 -3.009376 3.932414 0.925460 -5.377486 -1.920552 3.010280 1.117656 3.612447 3.128999 86.293890 85.687281 84.772791 82.053037 83.187412 86.361914 0.072298 8.603252 -1.926624 2.908629 7.297900 1.089371 -1.162424 -12.089666 -4.057129 -2.689065 -0.713872 -8.204424 3.923760 -4.237609 -0.468216 122.369445 84.483396 70.024282 2.609562 3.130981 0.101276 -0.838876 2.187571 4.837427
82.362155 3.657858 -3.619426 0.659748 1.500657 2.026261 -5.523367 -9.556209 6.684934 0.062604 -2.137748 -4.437967 -1.246732 2.130721 0.441404 -1.053685 0.569313 -8.111215 -7.528396 -4.564054 77.694780 80.281207 73.851159 92.407547 76.630148 76.047915 7.312959 -1.970143 2.538750 -1.605568 -1.140964 -2.965864 -5.706412 -5.235926 -2.567769 -5.295314 5.757448 1.089250 0.119396 -5.839312 2.176034 84.483396 107.952715 72.204644 -0.817522 4.790678 -3.351164 4.224885 -4.956469 -4.585720
75.193576 -1.379081 -2.954756 -6.777958 -1.894414 3.869518 2.794735 1.175705 0.866824 3.016417 4.828254 1.795965 -3.765696 8.981330 -1.172194 2.938025 -0.228378 5.139009 -1.137168 1.173494 73.731092 73.075837 75.808846 79.064869 71.349351 57.464705 -0.375821 4.911246 5.597478 -1.791089 1.496327 5.943849 -1.171232 -1.689431 0.845184 3.769638 -2.307576 5.690086 7.315399 2.914651 6.135903 70.024282 72.204644 90.285103 3.229474 -4.324954 -3.522428 2.378763 4.538280 -3.642655
11.763661 76.404750 60.731014 -3.172300 -1.282203 -1.857188 -2.976213 0.620850 3.447445 2.811172 0.116210 8.148994 1.525133 -1.753449 0.725436 3.583582 -2.765002 4.649845 2.203150 69.814444 7.956495 2.225934 0.583825 -2.068103 -0.575768 -5.155428 72.986692 5.020905 2.549662 0.086925 -1.746623 3.407731 -1.080570 3.405066 -5.264056 6.071453 3.089301 5.754447 -2.658026 -10.584345 66.654554 2.609562 -0.817522 3.229474 97.046719 65.066316 67.183815 68.198035 63.063345 4.408422
-9.022836 71.790807 62.471876 8.283631 6.186752 3.970162 0.889507 -1.840649 -0.257406 -1.852503 1.500859 0.016955 1.746052 1.723835 -5.914908 3.129119 -1.247651 5.043629 0.536389 66.788496 -2.688119 1.558905 -0.415059 -5.202459 -0.914943 7.771860 70.769656 -6.681517 3.200958 6.349835 -1.085580 -0.082333 -3.335844 -0.423860 -0.548936 -1.557714 0.208665 -1.543045 3.491975 -0.733012 67.783904 3.130981 4.790678 -4.324954 65.066316 84.757952 65.474611 62.687111 63.939449 -1.448593
-4.175798 67.192821 67.043822 -1.257593 -0.594868 -1.441390 3.930293 -3.822088 4.568085 -3.474732 5.200427 3.753810 3.064365 -5.824125 0.691806 -3.041122 -3.143167 -5.175995 -1.543022 61.526786 5.309154 7.439373 -8.017136 7.172161 0.633216 2.461058 73.541314 -3.989793 -0.436662 -3.993575 1.172585 4.723422 4.419376 2.824450 0.336527 -1.133985 -2.365906 -7.513496 -0.607798 -1.344429 67.230707 0.101276 -3.351164 -3.522428 67.183815 65.474611 89.647457 58.282479 62.770354 -1.586999
0.631089 74.201133 65.183917 -7.644653 -8.815515 5.482691 -0.705719 -1.006019 -1.416498 1.738374 -4.659051 10.922432 -3.650835 0.327648 -0.334046 4.299649 1.970006 0.665204 5.228188 59.537790 12.334455 4.153464 7.673965 1.625355 6.375275 -2.448523 64.200665 -1.790910 3.261649 -4.453199 -2.624637 -1.700417 2.362829 2.182005 -1.291518 -3.126660 -1.679351 5.385823 -6.444254 -2.722131 61.462851 -0.838876 4.224885 2.378763 68.198035 62.687111 58.282479 90.668051 58.989539 -2.930110
-9.741788 62.149271 63.576992 -4.864471 -0.147563 -2.558184 0.764553 -1.221685 -0.496205 5.659459 -2.709867 -0.476321 0.783017 5.283722 -3.458362 -1.234969 2.500199 3.274944 -5.173080 60.265976 -2.168830 5.418605 -4.151776 0.148983 -6.119499 -3.962265 71.981982 -8.804000 5.402775 3.080910 -5.917387 2.116676 0.763912 2.208873 -1.020288 -3.551915 0.816129 -5.647216 -0.128507 2.514605 62.699329 2.187571 -4.956469 4.538280 63.063345 63.939449 62.770354 58.989539 78.488027 1.686632
-1.386821 -1.665096 7.191289 67.032581 70.187263 67.093411 63.101719 -2.549888 -4.903197 7.025969 3.408861 -2.761200 -1.721327 -0.092938 1.679341 0.394097 0.759274 3.934123 5.824019 1.812931 4.963371 -2.220006 6.460122 6.409135 7.560648 2.829760 2.091631 68.083685 66.618181 64.444798 -4.383960 -8.723812 -0.744801 -2.316073 -1.688839 -0.946097 3.362461 0.792414 60.000862 76.849115 1.189034 4.837427 -4.585720 -3.642655 4.408422 -1.448593 -1.586999 -2.930110 1.686632 92.096333
