# 协方差矩阵（对角线方差=25-144）
# 基于分组相关性矩阵生成
110.060466 2.854834 -8.022680 -1.032573 5.263047 9.905736 -1.018118 2.769423 2.632553 -0.667166 3.121652 1.149090 -4.769632 8.430572 -0.495583 3.295384 -13.100762 -0.466746 6.537769 1.257995 75.408296 77.028625 77.350269 78.808740 78.983723 92.706648 2.661636 -5.839088 4.969547 -4.896226 -1.993124 0.750154 9.256776 5.969267 13.431299 -5.591184 1.499774 1.651109 -4.507515 3.005021 2.522165 77.562815 78.712983 74.770184 -1.347160 -15.978394 -1.831404 7.094106 -2.295306 1.135869
2.854834 108.572993 77.837309 -0.684825 7.953865 2.117011 2.085543 10.010476 -5.964387 0.224494 -5.870222 6.434661 9.131454 -0.066566 -11.041389 -4.952950 4.663671 0.320078 3.596765 79.979549 4.633471 4.630278 -0.708524 -0.042994 7.723030 5.095880 84.075260 7.513963 -8.024212 4.412951 -5.046776 2.362688 -4.854483 7.885528 -6.231488 -7.837828 -7.204737 0.386894 -1.785674 -7.598550 77.858801 -0.610848 4.076355 -5.030026 70.287593 71.544072 70.499404 81.520598 88.495506 -1.985661
-8.022680 77.837309 104.226321 2.275454 -2.573698 -2.548919 6.462930 -5.175496 -1.963005 -2.651106 0.932207 6.799009 -0.228503 4.630739 -3.181435 -4.938660 1.618186 -0.005622 11.572929 67.621844 6.149073 -5.075131 1.057398 -4.305828 5.036556 -10.100878 73.676144 8.940064 -4.996702 1.613093 0.816250 -4.485745 -9.438627 -0.902927 7.973908 -7.593265 4.723695 -3.614459 -0.679904 -4.886780 75.676010 6.731147 -6.648145 1.777245 75.304997 84.437144 83.216775 79.524591 73.978941 -7.080823
-1.032573 -0.684825 2.275454 103.041602 73.468753 74.951201 69.671540 -11.432280 9.617806 3.325683 -0.832561 -10.978525 1.680558 0.185669 3.206392 -9.601598 -7.057312 3.068762 -11.641455 -13.557909 -5.980252 -1.653167 -3.712814 5.552259 2.794329 -0.100390 4.489069 78.983962 72.162952 75.674436 -7.026350 -3.136323 -3.873839 0.205917 -1.176691 -1.054545 -0.315196 -3.458017 65.778550 78.318472 9.787100 7.371901 -6.461199 -2.919797 4.785940 0.585771 7.261044 6.194970 0.427439 70.765108
5.263047 7.953865 -2.573698 73.468753 103.311212 75.991911 74.175232 3.753083 3.462810 2.672833 -8.525189 3.335690 -5.848066 -1.505180 -8.087792 2.085338 -2.263596 1.764809 7.007091 -7.907049 0.295077 1.316632 -4.077073 -6.148464 0.943480 -7.007019 4.919654 70.259617 74.469830 71.212006 -7.141747 11.495704 11.551257 -0.215206 -0.294172 -0.352465 -4.612305 -7.134001 74.382855 81.689798 3.357036 -12.871212 2.554087 5.659210 -0.558330 -7.986808 -1.637945 -1.517272 -3.568621 81.505018
9.905736 2.117011 -2.548919 74.951201 75.991911 103.288065 79.794580 5.151378 9.117192 -3.724932 -2.184514 -1.299824 2.408853 7.557454 -4.684678 -3.420510 0.549148 1.164850 -3.778790 -10.343333 -4.487093 0.608381 3.048815 3.526974 -5.481249 -3.095918 3.717885 76.532644 79.897741 69.150953 -1.677714 -2.345380 1.189977 4.693250 6.032739 -9.398511 -4.849040 -6.848382 74.564635 80.760274 1.507448 -4.944385 3.319690 3.809262 2.672336 2.703601 -5.965759 6.144173 6.140330 82.275491
-1.018118 2.085543 6.462930 69.671540 74.175232 79.794580 104.765459 4.158357 4.426960 7.696816 4.135438 1.462391 -0.907634 4.924417 -1.897917 -0.532527 -11.118112 0.334090 5.394816 -4.103284 0.189462 -4.642253 -8.481403 2.087775 -0.909306 -7.160107 9.331733 67.838841 67.201821 73.712380 5.974990 -5.631089 6.771791 3.116592 6.998439 3.816748 0.969958 -5.907437 84.150788 84.047064 2.956242 -9.719120 1.151650 -6.916397 1.188500 5.052850 -10.984536 6.056339 2.971179 76.234300
2.769423 10.010476 -5.175496 -11.432280 3.753083 5.151378 4.158357 106.163975 69.782444 74.337239 68.095793 80.563628 -3.214390 -1.517840 -4.064645 2.021946 -4.453862 2.384754 75.473464 -1.766594 1.648930 -0.201877 5.252024 -3.501337 4.189095 2.950068 -2.114197 3.677608 3.692837 -0.743262 81.440498 75.570983 73.743865 2.905125 1.627173 1.948833 -0.659593 69.395118 -3.877172 -2.206150 -8.624121 -7.357319 6.709746 0.373945 5.010575 3.697072 -2.252327 2.021980 4.381198 11.877289
2.632553 -5.964387 -1.963005 9.617806 3.462810 9.117192 4.426960 69.782444 105.506663 74.244835 83.118963 77.360751 12.263117 2.611917 4.562116 -4.575858 2.717161 2.141939 81.860273 -11.212885 -1.175865 2.188481 -0.129309 2.504341 -8.548379 -0.454488 -11.514646 -0.663456 4.316705 -1.178900 74.236373 75.316228 68.903643 0.963019 4.121283 -8.078355 0.336982 73.254661 -6.811264 1.550161 4.367971 -3.348876 -1.659433 -0.883925 -0.913511 -5.725285 -4.639971 1.995545 -11.060597 10.859686
-0.667166 0.224494 -2.651106 3.325683 2.672833 -3.724932 7.696816 74.337239 74.244835 107.665645 70.156576 70.530152 -4.242514 -0.821227 9.572150 9.958096 -3.193212 5.456092 78.131759 3.312120 2.186455 2.278791 -5.431432 7.261734 -5.665256 -4.835849 -2.790141 0.750523 4.438642 1.885402 75.464214 79.686146 74.600957 2.519013 0.652880 1.281001 -1.875430 69.871187 -2.575256 -5.607373 -0.261681 5.046133 -14.684097 3.569258 1.166933 -5.724445 -0.172419 2.153712 5.213082 2.262943
3.121652 -5.870222 0.932207 -0.832561 -8.525189 -2.184514 4.135438 68.095793 83.118963 70.156576 106.920734 77.128452 0.384960 -0.556268 10.546317 -10.381724 -3.864453 3.114377 74.958166 -9.469412 -7.292255 1.685854 8.872194 1.338942 -0.121173 1.300604 -0.269537 -3.682158 -1.908267 -16.024648 82.177385 74.423739 76.602775 6.539099 4.897911 -3.489574 -3.611304 80.998045 6.309069 -1.251165 -5.352539 6.789943 -6.966961 -8.614220 -0.701729 1.568825 -1.247509 2.811781 -3.745916 -4.751606
1.149090 6.434661 6.799009 -10.978525 3.335690 -1.299824 1.462391 80.563628 77.360751 70.530152 77.128452 107.957658 3.301192 -1.257422 5.716686 -0.486513 0.466143 2.134968 82.636385 -1.436837 -3.153704 1.298242 -4.480228 -3.794078 -11.398205 5.922098 0.653546 -3.703138 -6.639015 -6.339651 77.668339 87.441842 79.493584 -3.142152 2.096379 -5.872465 5.896873 71.825270 2.006862 0.234765 -2.531644 -9.273572 0.172523 -9.806614 4.505082 0.919491 6.282750 2.501311 0.675397 2.932291
-4.769632 9.131454 -0.228503 1.680558 -5.848066 2.408853 -0.907634 -3.214390 12.263117 -4.242514 0.384960 3.301192 109.208756 80.048212 69.902335 70.335658 81.339717 70.052881 10.923603 8.209766 -0.513760 4.734276 -6.749714 -9.371693 0.611391 0.866188 12.139615 4.469253 -4.484233 5.779681 -3.199775 1.036263 1.976324 75.626475 68.675250 72.919271 68.854353 9.450769 3.779007 -7.358210 2.316618 -8.079052 -1.449558 -0.687637 3.722947 3.835475 -8.037826 -3.517146 4.289680 2.120686
8.430572 -0.066566 4.630739 0.185669 -1.505180 7.557454 4.924417 -1.517840 2.611917 -0.821227 -0.556268 -1.257422 80.048212 109.279094 73.573536 76.921314 71.490551 80.165218 5.125554 4.116963 5.631383 4.420053 4.672733 -4.287672 -9.426674 0.238073 -2.847730 3.302484 -6.753523 -2.472592 1.528768 -9.776378 -3.494740 83.282175 81.260740 66.436173 79.305829 0.217998 2.703739 -6.200075 1.773634 -9.092476 -2.032557 4.917886 4.843213 0.802846 -3.779417 12.168438 -3.567497 -4.122714
-0.495583 -11.041389 -3.181435 3.206392 -8.087792 -4.684678 -1.897917 -4.064645 4.562116 9.572150 10.546317 5.716686 69.902335 73.573536 104.927339 75.188910 76.013189 66.154775 -5.839679 -7.771208 -3.452036 6.576042 9.626376 -4.200980 -0.862350 2.563876 5.078467 -4.466546 -8.061614 4.486060 10.724100 2.897210 -3.320457 77.617866 80.991951 68.085397 72.806918 -3.424545 4.148124 0.957822 5.978398 -4.869257 -11.081697 -6.430201 11.364538 -4.185786 -4.447550 -10.407590 -0.379100 -8.706055
3.295384 -4.952950 -4.938660 -9.601598 2.085338 -3.420510 -0.532527 2.021946 -4.575858 9.958096 -10.381724 -0.486513 70.335658 76.921314 75.188910 101.892396 65.278719 66.942028 0.547799 3.286287 -1.861215 -1.581793 -6.910838 -10.301362 -12.194751 -0.537538 -0.129461 -8.468036 -2.948013 1.673528 2.756828 1.335930 9.208939 80.526212 75.799688 77.870045 69.787146 7.339794 -8.605569 6.446742 4.337196 -3.170502 5.471272 3.177806 3.310501 -2.608530 -6.139178 -5.002530 3.476901 2.454052
-13.100762 4.663671 1.618186 -7.057312 -2.263596 0.549148 -11.118112 -4.453862 2.717161 -3.193212 -3.864453 0.466143 81.339717 71.490551 76.013189 65.278719 113.825141 80.266052 2.497202 12.766527 -0.946939 4.949688 0.021952 -2.562109 -4.113422 0.908465 -2.773999 2.881633 7.765279 5.698634 1.521807 6.063059 -11.722849 75.657814 66.366569 68.823476 64.195511 -10.425355 9.339344 -2.074067 7.319514 -2.306892 -1.914999 1.125262 6.640113 8.500272 2.991290 -7.584708 0.991876 13.546792
-0.466746 0.320078 -0.005622 3.068762 1.764809 1.164850 0.334090 2.384754 2.141939 5.456092 3.114377 2.134968 70.052881 80.165218 66.154775 66.942028 80.266052 102.433627 2.695935 -2.620490 -3.268632 -0.139377 -4.805738 1.219063 1.785432 9.860058 -4.683916 -4.815922 -0.363669 -7.975650 -0.337592 -2.533254 -0.178722 75.921916 71.861623 75.278667 78.734581 4.550632 -0.527189 -8.738851 -2.784626 3.095065 -0.088934 -6.816385 0.899465 6.445265 3.610678 0.748031 -3.421932 6.211221
6.537769 3.596765 11.572929 -11.641455 7.007091 -3.778790 5.394816 75.473464 81.860273 78.131759 74.958166 82.636385 10.923603 5.125554 -5.839679 0.547799 2.497202 2.695935 104.959795 0.485805 6.323840 1.784896 -2.482259 -2.701742 1.441587 -8.241075 -3.598500 0.118499 5.886393 -8.079850 75.296429 81.156337 76.396884 -0.511178 4.167185 -1.218255 0.019977 68.763687 -2.978809 -7.116456 -6.015021 0.774789 -1.560130 4.150927 -1.149361 -4.404385 -4.499352 -2.246012 -7.203004 3.880688
1.257995 79.979549 67.621844 -13.557909 -7.907049 -10.343333 -4.103284 -1.766594 -11.212885 3.312120 -9.469412 -1.436837 8.209766 4.116963 -7.771208 3.286287 12.766527 -2.620490 0.485805 104.358328 -4.931934 7.505093 2.257810 -1.199314 -3.857149 1.063238 70.169326 2.131344 -5.201814 13.350502 -1.090221 -2.748634 -3.039560 -0.485662 4.283251 0.031252 1.823176 -1.462400 7.003658 -5.261636 65.310960 3.210359 -5.070818 -1.155949 67.824463 60.908423 80.173767 75.515635 66.636359 -2.487017
75.408296 4.633471 6.149073 -5.980252 0.295077 -4.487093 0.189462 1.648930 -1.175865 2.186455 -7.292255 -3.153704 -0.513760 5.631383 -3.452036 -1.861215 -0.946939 -3.268632 6.323840 -4.931934 110.205714 81.248384 75.175723 81.520082 88.970529 82.659965 -3.810910 -7.582048 -0.119266 1.106581 -2.391672 -2.906603 -2.950600 1.319432 -1.203156 -4.554683 -2.885451 -8.076580 -4.350610 -11.357519 -1.222356 71.318539 84.448820 87.717051 2.152553 -3.376815 -1.913710 4.731419 11.502527 -4.792081
77.028625 4.630278 -5.075131 -1.653167 1.316632 0.608381 -4.642253 -0.201877 2.188481 2.278791 1.685854 1.298242 4.734276 4.420053 6.576042 -1.581793 4.949688 -0.139377 1.784896 7.505093 81.248384 106.120603 76.826340 72.599661 80.319029 96.219298 0.556436 -5.823512 4.712016 7.262100 14.652643 11.730729 1.596691 3.558050 3.600858 1.847056 3.426814 -4.772859 -0.825924 2.019573 1.242178 73.550838 72.050982 77.103778 -3.957105 -10.777454 4.200316 4.943071 2.079236 -7.233100
77.350269 -0.708524 1.057398 -3.712814 -4.077073 3.048815 -8.481403 5.252024 -0.129309 -5.431432 8.872194 -4.480228 -6.749714 4.672733 9.626376 -6.910838 0.021952 -4.805738 -2.482259 2.257810 75.175723 76.826340 106.671520 67.765203 80.264099 79.182348 1.407273 1.375522 -5.863447 5.391180 2.959540 -0.397912 -6.045214 -8.855646 6.457532 -6.559460 4.967458 5.599471 4.104500 -2.159538 -0.916344 80.584801 72.222087 80.100127 8.346767 -0.352906 1.226044 -0.845427 1.598913 2.168450
78.808740 -0.042994 -4.305828 5.552259 -6.148464 3.526974 2.087775 -3.501337 2.504341 7.261734 1.338942 -3.794078 -9.371693 -4.287672 -4.200980 -10.301362 -2.562109 1.219063 -2.701742 -1.199314 81.520082 72.599661 67.765203 108.183525 79.973527 89.877860 -9.468411 5.591242 3.024171 -0.746016 -0.710208 -2.942273 -5.220513 -1.152093 -5.337472 -4.690407 3.023200 0.140434 4.981278 9.786742 -2.847241 81.365569 83.327825 75.400811 -3.195985 -6.180336 -9.678793 7.708788 -3.097747 -2.980416
78.983723 7.723030 5.036556 2.794329 0.943480 -5.481249 -0.909306 4.189095 -8.548379 -5.665256 -0.121173 -11.398205 0.611391 -9.426674 -0.862350 -12.194751 -4.113422 1.785432 1.441587 -3.857149 88.970529 80.319029 80.264099 79.973527 117.473250 84.017059 -0.070401 -6.768131 6.757909 2.825496 -7.973602 -7.723236 -2.664273 -6.088462 5.908864 0.988756 -7.980036 1.736676 4.342357 -3.830371 -1.134130 86.532064 77.131912 81.192065 2.242396 0.447873 2.167926 1.415845 9.632247 -6.275593
92.706648 5.095880 -10.100878 -0.100390 -7.007019 -3.095918 -7.160107 2.950068 -0.454488 -4.835849 1.300604 5.922098 0.866188 0.238073 2.563876 -0.537538 0.908465 9.860058 -8.241075 1.063238 82.659965 96.219298 79.182348 89.877860 84.017059 135.224324 3.265306 -6.819189 -9.728423 -0.386953 5.936491 10.644965 1.576612 2.372199 6.450860 -4.668740 2.591095 7.647470 -9.656877 -5.652647 -7.931979 90.430887 97.535191 78.768882 -2.483175 0.174203 3.279129 1.833736 -5.397694 4.739951
2.661636 84.075260 73.676144 4.489069 4.919654 3.717885 9.331733 -2.114197 -11.514646 -2.790141 -0.269537 0.653546 12.139615 -2.847730 5.078467 -0.129461 -2.773999 -4.683916 -3.598500 70.169326 -3.810910 0.556436 1.407273 -9.468411 -0.070401 3.265306 104.682372 11.811019 -1.175254 4.983185 0.764732 -1.298391 1.135316 5.097626 -0.684463 2.444647 4.070673 -2.097249 10.053133 -5.504175 75.178707 -10.505007 -7.354056 -11.724660 76.303122 76.386685 73.247596 63.914635 81.758607 0.296961
-5.839088 7.513963 8.940064 78.983962 70.259617 76.532644 67.838841 3.677608 -0.663456 0.750523 -3.682158 -3.703138 4.469253 3.302484 -4.466546 -8.468036 2.881633 -4.815922 0.118499 2.131344 -7.582048 -5.823512 1.375522 5.591242 -6.768131 -6.819189 11.811019 104.561556 70.040729 79.869352 -5.255348 5.667791 -7.692168 1.869803 2.795757 2.392284 6.582410 -4.597723 72.187862 76.575507 -9.986736 -1.365724 3.017236 5.422055 -3.075491 -2.064124 -1.167162 -0.254359 -4.012204 77.197157
4.969547 -8.024212 -4.996702 72.162952 74.469830 79.897741 67.201821 3.692837 4.316705 4.438642 -1.908267 -6.639015 -4.484233 -6.753523 -8.061614 -2.948013 7.765279 -0.363669 5.886393 -5.201814 -0.119266 4.712016 -5.863447 3.024171 6.757909 -9.728423 -1.175254 70.040729 104.162500 70.632748 9.542719 6.783750 6.892256 -1.875393 4.577611 8.248990 -5.954794 -3.416006 77.057001 81.026897 2.462596 3.307608 0.895575 5.644580 -9.607158 -4.152326 6.844278 -9.020355 4.003513 76.942825
-4.896226 4.412951 1.613093 75.674436 71.212006 69.150953 73.712380 -0.743262 -1.178900 1.885402 -16.024648 -6.339651 5.779681 -2.472592 4.486060 1.673528 5.698634 -7.975650 -8.079850 13.350502 1.106581 7.262100 5.391180 -0.746016 2.825496 -0.386953 4.983185 79.869352 70.632748 106.471781 -1.444696 -12.140709 -6.818769 -5.089571 1.880619 -2.986065 -1.165277 -13.019457 74.527002 81.677299 -1.051494 2.647870 10.035410 5.348523 2.948398 -5.619950 9.741697 -4.254279 -6.051540 76.613118
-1.993124 -5.046776 0.816250 -7.026350 -7.141747 -1.677714 5.974990 81.440498 74.236373 75.464214 82.177385 77.668339 -3.199775 1.528768 10.724100 2.756828 1.521807 -0.337592 75.296429 -1.090221 -2.391672 14.652643 2.959540 -0.710208 -7.973602 5.936491 0.764732 -5.255348 9.542719 -1.444696 105.164834 74.341536 73.844856 7.848253 -1.037959 4.092203 2.736711 61.375346 2.921395 8.302195 2.253831 -0.327073 -3.604677 -4.507893 8.380002 10.123006 5.135042 2.751436 -3.799146 -2.043937
0.750154 2.362688 -4.485745 -3.136323 11.495704 -2.345380 -5.631089 75.570983 75.316228 79.686146 74.423739 87.441842 1.036263 -9.776378 2.897210 1.335930 6.063059 -2.533254 81.156337 -2.748634 -2.906603 11.730729 -0.397912 -2.942273 -7.723236 10.644965 -1.298391 5.667791 6.783750 -12.140709 74.341536 110.228109 79.411243 -4.144920 4.635997 7.298071 -3.643376 75.509209 -2.580961 -0.415018 -2.982713 -0.300857 -5.842542 4.856514 -7.851758 -3.138841 -0.068800 -3.581770 4.563923 13.087914
9.256776 -4.854483 -9.438627 -3.873839 11.551257 1.189977 6.771791 73.743865 68.903643 74.600957 76.602775 79.493584 1.976324 -3.494740 -3.320457 9.208939 -11.722849 -0.178722 76.396884 -3.039560 -2.950600 1.596691 -6.045214 -5.220513 -2.664273 1.576612 1.135316 -7.692168 6.892256 -6.818769 73.844856 79.411243 102.335371 1.890837 -0.198114 6.054974 -2.531702 74.108709 0.005444 8.029333 -2.224673 -6.534985 -0.997375 -2.777402 -3.169778 3.936478 7.752823 0.904599 1.188912 -2.163767
5.969267 7.885528 -0.902927 0.205917 -0.215206 4.693250 3.116592 2.905125 0.963019 2.519013 6.539099 -3.142152 75.626475 83.282175 77.617866 80.526212 75.657814 75.921916 -0.511178 -0.485662 1.319432 3.558050 -8.855646 -1.152093 -6.088462 2.372199 5.097626 1.869803 -1.875393 -5.089571 7.848253 -4.144920 1.890837 104.306510 72.664684 72.083038 72.253691 -10.727867 -4.271598 7.233216 1.547514 -6.047507 -1.249609 -4.171975 6.006386 -2.247162 -9.528575 4.325279 4.441108 -7.417473
13.431299 -6.231488 7.973908 -1.176691 -0.294172 6.032739 6.998439 1.627173 4.121283 0.652880 4.897911 2.096379 68.675250 81.260740 80.991951 75.799688 66.366569 71.861623 4.167185 4.283251 -1.203156 3.600858 6.457532 -5.337472 5.908864 6.450860 -0.684463 2.795757 4.577611 1.880619 -1.037959 4.635997 -0.198114 72.664684 102.960158 72.571327 74.033522 6.309061 3.732589 1.671959 -2.026257 0.514506 -1.717859 7.237448 -0.373551 -0.301161 4.351036 3.785283 0.622558 4.411609
-5.591184 -7.837828 -7.593265 -1.054545 -0.352465 -9.398511 3.816748 1.948833 -8.078355 1.281001 -3.489574 -5.872465 72.919271 66.436173 68.085397 77.870045 68.823476 75.278667 -1.218255 0.031252 -4.554683 1.847056 -6.559460 -4.690407 0.988756 -4.668740 2.444647 2.392284 8.248990 -2.986065 4.092203 7.298071 6.054974 72.083038 72.571327 105.452642 81.743376 4.242420 1.547722 9.924943 3.688910 -6.000189 0.913906 -7.648723 -8.663789 -1.142250 -6.033137 -7.496748 4.471291 5.100171
1.499774 -7.204737 4.723695 -0.315196 -4.612305 -4.849040 0.969958 -0.659593 0.336982 -1.875430 -3.611304 5.896873 68.854353 79.305829 72.806918 69.787146 64.195511 78.734581 0.019977 1.823176 -2.885451 3.426814 4.967458 3.023200 -7.980036 2.591095 4.070673 6.582410 -5.954794 -1.165277 2.736711 -3.643376 -2.531702 72.253691 74.033522 81.743376 106.430389 -5.157232 -0.014282 5.581650 -1.065711 -6.913093 0.681904 -2.759827 -3.586885 0.526386 4.465251 -7.783409 -8.431742 -10.426082
1.651109 0.386894 -3.614459 -3.458017 -7.134001 -6.848382 -5.907437 69.395118 73.254661 69.871187 80.998045 71.825270 9.450769 0.217998 -3.424545 7.339794 -10.425355 4.550632 68.763687 -1.462400 -8.076580 -4.772859 5.599471 0.140434 1.736676 7.647470 -2.097249 -4.597723 -3.416006 -13.019457 61.375346 75.509209 74.108709 -10.727867 6.309061 4.242420 -5.157232 105.790317 -1.495660 -10.483177 -4.628549 14.843310 6.811153 3.457705 -8.646570 4.670457 0.640085 1.062618 5.084364 6.869158
-4.507515 -1.785674 -0.679904 65.778550 74.382855 74.564635 84.150788 -3.877172 -6.811264 -2.575256 6.309069 2.006862 3.779007 2.703739 4.148124 -8.605569 9.339344 -0.527189 -2.978809 7.003658 -4.350610 -0.825924 4.104500 4.981278 4.342357 -9.656877 10.053133 72.187862 77.057001 74.527002 2.921395 -2.580961 0.005444 -4.271598 3.732589 1.547722 -0.014282 -1.495660 111.141605 83.357600 -2.366648 -4.466440 -7.451557 4.121747 2.998670 5.100854 -1.859588 -3.213776 -1.482321 77.244088
3.005021 -7.598550 -4.886780 78.318472 81.689798 80.760274 84.047064 -2.206150 1.550161 -5.607373 -1.251165 0.234765 -7.358210 -6.200075 0.957822 6.446742 -2.074067 -8.738851 -7.116456 -5.261636 -11.357519 2.019573 -2.159538 9.786742 -3.830371 -5.652647 -5.504175 76.575507 81.026897 81.677299 8.302195 -0.415018 8.029333 7.233216 1.671959 9.924943 5.581650 -10.483177 83.357600 115.302137 5.408876 2.177509 8.459255 -0.330231 -4.544269 -4.802018 -6.932155 -1.466667 -9.849377 75.309385
2.522165 77.858801 75.676010 9.787100 3.357036 1.507448 2.956242 -8.624121 4.367971 -0.261681 -5.352539 -2.531644 2.316618 1.773634 5.978398 4.337196 7.319514 -2.784626 -6.015021 65.310960 -1.222356 1.242178 -0.916344 -2.847241 -1.134130 -7.931979 75.178707 -9.986736 2.462596 -1.051494 2.253831 -2.982713 -2.224673 1.547514 -2.026257 3.688910 -1.065711 -4.628549 -2.366648 5.408876 109.275496 -3.442201 -8.327909 -7.567696 74.529373 80.826060 79.792790 80.841047 83.442498 -2.356975
77.562815 -0.610848 6.731147 7.371901 -12.871212 -4.944385 -9.719120 -7.357319 -3.348876 5.046133 6.789943 -9.273572 -8.079052 -9.092476 -4.869257 -3.170502 -2.306892 3.095065 0.774789 3.210359 71.318539 73.550838 80.584801 81.365569 86.532064 90.430887 -10.505007 -1.365724 3.307608 2.647870 -0.327073 -0.300857 -6.534985 -6.047507 0.514506 -6.000189 -6.913093 14.843310 -4.466440 2.177509 -3.442201 113.017574 74.635844 81.750166 -3.594402 1.204615 4.580045 1.521595 0.463376 1.776129
78.712983 4.076355 -6.648145 -6.461199 2.554087 3.319690 1.151650 6.709746 -1.659433 -14.684097 -6.966961 0.172523 -1.449558 -2.032557 -11.081697 5.471272 -1.914999 -0.088934 -1.560130 -5.070818 84.448820 72.050982 72.222087 83.327825 77.131912 97.535191 -7.354056 3.017236 0.895575 10.035410 -3.604677 -5.842542 -0.997375 -1.249609 -1.717859 0.913906 0.681904 6.811153 -7.451557 8.459255 -8.327909 74.635844 109.593345 71.611871 -9.993242 -7.685884 -9.451018 -3.986456 -5.111060 12.517279
74.770184 -5.030026 1.777245 -2.919797 5.659210 3.809262 -6.916397 0.373945 -0.883925 3.569258 -8.614220 -9.806614 -0.687637 4.917886 -6.430201 3.177806 1.125262 -6.816385 4.150927 -1.155949 87.717051 77.103778 80.100127 75.400811 81.192065 78.768882 -11.724660 5.422055 5.644580 5.348523 -4.507893 4.856514 -2.777402 -4.171975 7.237448 -7.648723 -2.759827 3.457705 4.121747 -0.330231 -7.567696 81.750166 71.611871 107.609139 -10.172263 1.219292 -2.053939 -0.759303 -5.382572 4.040049
-1.347160 70.287593 75.304997 4.785940 -0.558330 2.672336 1.188500 5.010575 -0.913511 1.166933 -0.701729 4.505082 3.722947 4.843213 11.364538 3.310501 6.640113 0.899465 -1.149361 67.824463 2.152553 -3.957105 8.346767 -3.195985 2.242396 -2.483175 76.303122 -3.075491 -9.607158 2.948398 8.380002 -7.851758 -3.169778 6.006386 -0.373551 -8.663789 -3.586885 -8.646570 2.998670 -4.544269 74.529373 -3.594402 -9.993242 -10.172263 105.682759 76.427283 73.321809 78.452527 71.318790 3.433388
-15.978394 71.544072 84.437144 0.585771 -7.986808 2.703601 5.052850 3.697072 -5.725285 -5.724445 1.568825 0.919491 3.835475 0.802846 -4.185786 -2.608530 8.500272 6.445265 -4.404385 60.908423 -3.376815 -10.777454 -0.352906 -6.180336 0.447873 0.174203 76.386685 -2.064124 -4.152326 -5.619950 10.123006 -3.138841 3.936478 -2.247162 -0.301161 -1.142250 0.526386 4.670457 5.100854 -4.802018 80.826060 1.204615 -7.685884 1.219292 76.427283 110.710379 84.295759 75.930139 77.193089 -1.273711
-1.831404 70.499404 83.216775 7.261044 -1.637945 -5.965759 -10.984536 -2.252327 -4.639971 -0.172419 -1.247509 6.282750 -8.037826 -3.779417 -4.447550 -6.139178 2.991290 3.610678 -4.499352 80.173767 -1.913710 4.200316 1.226044 -9.678793 2.167926 3.279129 73.247596 -1.167162 6.844278 9.741697 5.135042 -0.068800 7.752823 -9.528575 4.351036 -6.033137 4.465251 0.640085 -1.859588 -6.932155 79.792790 4.580045 -9.451018 -2.053939 73.321809 84.295759 114.074224 78.690556 73.519875 -8.178737
7.094106 81.520598 79.524591 6.194970 -1.517272 6.144173 6.056339 2.021980 1.995545 2.153712 2.811781 2.501311 -3.517146 12.168438 -10.407590 -5.002530 -7.584708 0.748031 -2.246012 75.515635 4.731419 4.943071 -0.845427 7.708788 1.415845 1.833736 63.914635 -0.254359 -9.020355 -4.254279 2.751436 -3.581770 0.904599 4.325279 3.785283 -7.496748 -7.783409 1.062618 -3.213776 -1.466667 80.841047 1.521595 -3.986456 -0.759303 78.452527 75.930139 78.690556 104.385366 77.090306 -5.597456
-2.295306 88.495506 73.978941 0.427439 -3.568621 6.140330 2.971179 4.381198 -11.060597 5.213082 -3.745916 0.675397 4.289680 -3.567497 -0.379100 3.476901 0.991876 -3.421932 -7.203004 66.636359 11.502527 2.079236 1.598913 -3.097747 9.632247 -5.397694 81.758607 -4.012204 4.003513 -6.051540 -3.799146 4.563923 1.188912 4.441108 0.622558 4.471291 -8.431742 5.084364 -1.482321 -9.849377 83.442498 0.463376 -5.111060 -5.382572 71.318790 77.193089 73.519875 77.090306 109.411193 -5.676580
1.135869 -1.985661 -7.080823 70.765108 81.505018 82.275491 76.234300 11.877289 10.859686 2.262943 -4.751606 2.932291 2.120686 -4.122714 -8.706055 2.454052 13.546792 6.211221 3.880688 -2.487017 -4.792081 -7.233100 2.168450 -2.980416 -6.275593 4.739951 0.296961 77.197157 76.942825 76.613118 -2.043937 13.087914 -2.163767 -7.417473 4.411609 5.100171 -10.426082 6.869158 77.244088 75.309385 -2.356975 1.776129 12.517279 4.040049 3.433388 -1.273711 -8.178737 -5.597456 -5.676580 113.845211
