# 协方差矩阵（对角线方差=25-144）
# 基于分组相关性矩阵生成
125.240245 -8.419003 -2.723380 0.446591 6.397001 2.839956 2.812204 -5.677680 1.045808 -4.923331 2.136510 3.966352 -1.292576 -4.046782 -4.870559 -5.564470 -0.919033 -0.259237 -0.891126 4.457976 77.525486 75.530883 86.443752 97.639485 83.979662 79.621859 -2.341900 -5.530927 -3.536528 1.807319 -5.757553 1.578359 -4.721507 -5.825925 -3.413127 4.690060 -15.762558 0.628699 6.233146 8.533028 -5.427631 95.274774 76.297447 73.903388 -8.359558 -3.286143 6.360170 2.215805 3.828303 4.149075
-8.419003 101.470004 73.262919 4.521322 4.750362 3.393471 0.679898 -2.215090 -4.250504 -2.586797 -5.259549 -1.191245 4.360519 2.490840 -5.406360 -2.441198 2.858175 0.060395 -8.297222 71.854275 8.043321 2.561922 -3.112368 -0.514245 0.398297 4.570184 69.293525 -0.519705 6.630361 1.802962 -5.176140 -3.878917 1.012716 0.992356 -0.618098 -4.175064 6.742333 -10.050313 -1.073773 5.238632 71.378473 2.916886 1.551778 2.333300 72.589067 67.532658 61.276943 65.972503 68.484702 -7.675967
-2.723380 73.262919 108.772479 -6.565664 -0.435178 -9.523850 -0.460737 0.852851 5.929839 3.246147 -1.738522 -2.786032 4.515411 -0.810093 0.558384 -2.085865 -2.371739 -1.321129 11.664464 76.708354 -1.055808 -3.940805 2.633227 -2.925022 -1.045800 -0.981225 80.815951 2.842980 6.205657 -3.337605 -5.677082 -4.526439 8.920238 3.473755 5.589549 0.654068 3.293647 5.942936 1.803641 -0.063459 75.581656 -4.015927 1.020720 4.335913 75.928459 72.566426 74.571108 64.520380 58.650316 0.994647
0.446591 4.521322 -6.565664 92.181937 61.919585 67.079146 58.135675 -3.757079 -0.525236 0.246600 0.817823 -0.485747 -2.567519 -1.375207 -2.075180 -0.007351 7.078999 0.770703 1.966781 7.229184 -4.610807 -9.195353 -5.913616 -2.915577 2.226628 -7.569415 1.476262 65.268411 61.666685 69.592972 1.995580 1.888224 -4.197529 -3.173733 0.548598 -0.725783 -0.448387 -3.046622 54.241344 74.162957 -0.367699 -0.575942 -9.383782 -1.093543 2.144817 -2.599602 -7.448798 1.165488 3.533111 73.840600
6.397001 4.750362 -0.435178 61.919585 93.163085 69.120327 65.864469 -10.162076 -1.924411 -3.929181 7.659173 1.231801 1.307173 0.808860 -5.226971 -0.404381 -3.101211 1.658553 5.701222 4.482365 2.889966 -1.048654 -12.617173 1.094611 -0.184248 7.815746 7.256764 62.845731 68.553012 59.582556 -1.851144 -1.545603 1.205308 1.842529 1.542655 2.441574 1.969035 -5.441815 66.375726 76.485344 4.973738 1.910010 2.145862 4.126508 1.281607 4.107020 4.275333 5.653991 7.346160 62.977293
2.839956 3.393471 -9.523850 67.079146 69.120327 95.154302 66.495489 -3.526545 2.279935 9.321687 4.897959 -3.103948 -1.666296 0.391973 -4.925913 3.891263 2.652096 -2.768882 -3.333897 -0.161409 8.949889 6.522774 1.740426 6.168409 3.638412 3.432323 -5.064035 67.539924 63.693562 66.461006 0.819483 1.873720 -0.176725 5.002878 4.216383 -1.303168 1.306280 6.400868 73.906886 72.182172 -8.854061 4.174741 -7.005265 -4.687429 3.651892 -6.802602 1.020233 0.721519 6.436911 64.871287
2.812204 0.679898 -0.460737 58.135675 65.864469 66.495489 84.058055 -3.331607 2.683022 3.669809 1.550441 0.324952 2.536199 1.721759 -2.975270 3.227701 -3.083362 -0.069648 4.764011 -3.356478 6.226306 8.515870 4.156139 -1.099527 4.581058 6.216396 -1.678982 65.803283 64.803427 63.744029 1.118538 5.534309 6.883471 -5.026313 1.827581 0.363422 -1.719274 2.105426 62.750462 75.359636 3.109351 -0.752866 5.478785 5.859330 5.593781 -3.246783 2.602910 8.529373 -6.210685 58.086556
-5.677680 -2.215090 0.852851 -3.757079 -10.162076 -3.526545 -3.331607 62.721780 45.417720 50.455314 45.822611 48.560546 0.092280 -0.070907 0.347645 2.086066 -2.993832 -2.301106 49.928933 -4.828944 -5.626826 -3.113706 0.579995 -1.191018 -7.731635 -5.225833 -1.657333 -1.953415 -6.772235 3.569859 43.925957 46.595157 48.208645 2.305176 3.142229 -2.552575 -1.242243 52.186968 -5.213293 -2.971189 -0.254285 -5.741283 -9.388312 -3.030875 -7.415221 -0.703067 -3.743480 -3.350933 -4.569270 0.957945
1.045808 -4.250504 5.929839 -0.525236 -1.924411 2.279935 2.683022 45.417720 59.786150 50.654761 39.249232 43.258349 -2.811936 -0.984459 1.458425 -6.073301 -1.681334 -2.111136 55.837737 -1.431103 -1.357428 -0.743846 3.247918 -0.975493 -4.313367 -3.179042 -1.671788 6.058982 1.746434 2.347748 43.275114 50.828404 46.575925 -3.806360 -2.722968 -0.126414 -0.932486 51.488472 3.561098 3.284321 -0.227921 5.072656 1.222895 -4.633471 1.478138 -0.408489 -1.020555 -5.218883 -0.651432 0.917728
-4.923331 -2.586797 3.246147 0.246600 -3.929181 9.321687 3.669809 50.455314 50.654761 71.999270 49.575333 49.139972 -1.657708 -1.487569 2.947957 0.607984 -2.414351 -5.220746 58.814116 2.774026 1.686377 4.419281 3.461926 1.425519 -4.143523 -3.210696 -6.487001 4.588463 2.162535 5.624050 47.439114 51.025987 55.207902 2.835067 0.917477 -1.353287 1.284013 50.026142 3.069819 -0.475961 1.235493 4.354171 -3.133909 -3.094281 -2.900499 -1.640083 2.837417 6.429918 -1.268643 1.111831
2.136510 -5.259549 -1.738522 0.817823 7.659173 4.897959 1.550441 45.822611 39.249232 49.575333 60.521099 40.043199 1.397598 -0.994984 0.951060 -1.191290 0.826273 -3.601172 51.200499 0.818772 2.748597 -3.869061 -2.796596 -1.710853 -2.092946 -0.018278 2.528560 -3.974029 -1.263678 -4.835085 44.641235 48.962966 48.145039 1.382622 0.069375 2.862831 3.443575 47.260484 0.725801 2.435120 2.351130 1.584895 -7.742721 1.251152 -6.527907 1.314855 -2.618928 4.163302 1.837471 2.809449
3.966352 -1.191245 -2.786032 -0.485747 1.231801 -3.103948 0.324952 48.560546 43.258349 49.139972 40.043199 58.196203 3.600848 2.729595 3.320564 2.023050 2.818396 5.196983 50.045196 3.928911 -5.422295 8.571138 -3.167940 -4.600426 -5.747541 -2.435941 -4.532897 2.071028 -0.140545 1.574127 47.464121 42.090058 49.601803 1.612058 1.283068 -1.755810 1.405418 46.525788 -2.499609 -0.200592 -3.192613 -0.757758 2.410251 -1.940803 -8.204220 -3.006710 -4.018485 0.237891 -6.440074 -2.188802
-1.292576 4.360519 4.515411 -2.567519 1.307173 -1.666296 2.536199 0.092280 -2.811936 -1.657708 1.397598 3.600848 46.548869 28.053597 34.219505 35.260819 36.824299 40.595807 -1.993520 1.968219 2.529434 -7.558469 7.293063 -1.795931 5.961603 5.050740 2.503428 -1.025119 4.919392 3.998215 -0.609896 0.489558 2.008392 35.460423 33.490386 35.191526 38.567211 8.352029 -0.181642 -1.597965 -2.046301 3.582294 6.148920 5.064445 3.435383 0.505584 0.097688 -0.663347 0.513000 -1.195627
-4.046782 2.490840 -0.810093 -1.375207 0.808860 0.391973 1.721759 -0.070907 -0.984459 -1.487569 -0.994984 2.729595 28.053597 37.387631 30.924868 30.586152 28.573690 30.879781 -2.938936 -1.873467 -1.482191 1.824989 0.145294 -7.683949 -2.631038 2.063251 -7.590187 -2.829670 -7.876290 2.150199 -2.439935 1.409924 -3.172996 34.170283 29.037034 29.028772 33.585382 -3.043063 2.168088 3.362255 0.998281 -9.014236 0.559019 2.348041 0.399786 1.331859 1.492079 0.335542 -1.135643 -4.604608
-4.870559 -5.406360 0.558384 -2.075180 -5.226971 -4.925913 -2.975270 0.347645 1.458425 2.947957 0.951060 3.320564 34.219505 30.924868 47.645309 35.950280 34.419524 47.612921 6.096320 -3.383035 0.168483 -0.461756 5.545875 -2.613924 0.455355 0.421007 -2.917334 0.185419 -6.118754 -0.946755 5.220336 -0.030910 -4.466682 44.659493 36.703349 36.367185 44.260996 0.837518 -0.929267 -2.020399 2.162502 -3.308967 3.218271 0.540882 -3.303114 1.957237 -1.414923 -2.369353 -1.683947 -0.545949
-5.564470 -2.441198 -2.085865 -0.007351 -0.404381 3.891263 3.227701 2.086066 -6.073301 0.607984 -1.191290 2.023050 35.260819 30.586152 35.950280 50.710698 37.534336 41.204821 -1.900362 -2.078861 -4.747082 4.655884 -3.088689 2.334509 0.561964 -3.357580 7.331814 -0.203260 -3.023941 5.737499 -3.337586 -0.484764 -2.023791 42.104022 38.741054 35.222411 35.475531 -3.656035 2.069004 -4.339469 -1.035929 1.699835 1.254693 -3.932124 0.169390 3.557091 0.758821 -1.887585 -1.392901 -3.099869
-0.919033 2.858175 -2.371739 7.078999 -3.101211 2.652096 -3.083362 -2.993832 -1.681334 -2.414351 0.826273 2.818396 36.824299 28.573690 34.419524 37.534336 45.952227 41.046147 -1.675276 2.134784 -3.122613 -3.820171 0.602637 1.363653 2.877534 -5.071204 8.767741 -2.266195 -0.816469 -3.331130 5.888720 2.655963 0.239626 35.591219 31.894055 32.843823 36.366205 2.108045 -1.885156 -0.366884 -2.197711 4.964813 3.617718 -4.213907 4.846916 0.048402 -0.921639 0.615940 1.532537 -0.031945
-0.259237 0.060395 -1.321129 0.770703 1.658553 -2.768882 -0.069648 -2.301106 -2.111136 -5.220746 -3.601172 5.196983 40.595807 30.879781 47.612921 41.204821 41.046147 69.023595 1.569660 -0.715044 -3.766745 0.667362 7.496956 -7.406068 2.387625 0.821279 0.760139 2.176460 1.383213 -4.716830 1.481531 1.133989 -3.470339 52.390115 39.215440 39.718280 47.618611 2.919214 -4.031595 -8.527113 2.093605 4.534847 13.614034 3.146278 -0.337071 3.223618 -3.408254 -4.274646 4.882140 3.599876
-0.891126 -8.297222 11.664464 1.966781 5.701222 -3.333897 4.764011 49.928933 55.837737 58.814116 51.200499 50.045196 -1.993520 -2.938936 6.096320 -1.900362 -1.675276 1.569660 85.878437 -0.287392 2.034976 1.452407 -6.922154 3.119259 0.971431 4.643777 -4.633021 12.015018 0.156078 -2.172737 54.660513 52.740974 60.746193 1.513414 3.629491 -1.119366 -1.611995 56.391927 -0.722225 0.244976 2.963727 5.505591 -4.403908 2.159259 1.502013 8.498919 -0.646293 1.727977 -4.177507 0.584232
4.457976 71.854275 76.708354 7.229184 4.482365 -0.161409 -3.356478 -4.828944 -1.431103 2.774026 0.818772 3.928911 1.968219 -1.873467 -3.383035 -2.078861 2.134784 -0.715044 -0.287392 90.462433 5.428773 4.251989 0.920620 -3.503835 0.692903 2.711510 65.651858 -4.847536 6.372247 -0.921362 -1.795208 -5.509102 -0.158062 -1.562358 2.957650 1.345748 7.806920 -1.778642 1.117110 1.146547 58.520416 3.453555 -1.806185 1.214172 65.673367 62.524144 59.985233 70.364125 60.159362 -5.311928
77.525486 8.043321 -1.055808 -4.610807 2.889966 8.949889 6.226306 -5.626826 -1.357428 1.686377 2.748597 -5.422295 2.529434 -1.482191 0.168483 -4.747082 -3.122613 -3.766745 2.034976 5.428773 109.850710 71.433351 88.612042 82.589208 71.195154 92.831278 -1.593156 -6.894964 -4.284096 1.884956 -2.928845 -4.689857 -2.887187 3.619225 -0.635326 -1.818371 -1.305368 -7.360697 5.659349 5.824847 -3.793370 83.489663 76.380285 79.662161 8.272268 1.748517 1.905891 8.663249 0.584911 -8.014522
75.530883 2.561922 -3.940805 -9.195353 -1.048654 6.522774 8.515870 -3.113706 -0.743846 4.419281 -3.869061 8.571138 -7.558469 1.824989 -0.461756 4.655884 -3.820171 0.667362 1.452407 4.251989 71.433351 105.031631 73.879576 78.513651 80.087169 66.937302 -5.023968 -1.804342 -11.030436 -2.786863 1.160259 -2.579412 -2.326531 2.783002 -3.841627 -7.773385 -5.938484 0.398230 2.291591 -4.312436 4.725626 79.493701 71.530368 71.936487 6.700752 7.845603 -0.202711 5.083695 0.319904 -15.503607
86.443752 -3.112368 2.633227 -5.913616 -12.617173 1.740426 4.156139 0.579995 3.247918 3.461926 -2.796596 -3.167940 7.293063 0.145294 5.545875 -3.088689 0.602637 7.496956 -6.922154 0.920620 88.612042 73.879576 120.148908 86.501169 85.238149 82.975525 -7.172356 -5.948304 2.235688 0.351203 -1.363946 -0.509222 -6.011694 5.582417 4.354135 3.657001 6.100236 9.684094 2.183172 -1.612808 1.102565 83.823674 81.998051 83.276054 9.529512 0.559797 -0.296046 10.052060 -2.247844 6.309227
97.639485 -0.514245 -2.925022 -2.915577 1.094611 6.168409 -1.099527 -1.191018 -0.975493 1.425519 -1.710853 -4.600426 -1.795931 -7.683949 -2.613924 2.334509 1.363653 -7.406068 3.119259 -3.503835 82.589208 78.513651 86.501169 129.209228 89.454427 82.368045 3.264198 -0.575575 0.934847 3.145316 -1.184122 -5.078014 0.501373 0.540426 -3.051358 3.776585 -4.964739 -4.991980 5.433552 6.604766 -6.042624 102.305154 78.704791 77.872012 3.481719 -6.825303 -1.450443 4.183376 1.971581 -5.510726
83.979662 0.398297 -1.045800 2.226628 -0.184248 3.638412 4.581058 -7.731635 -4.313367 -4.143523 -2.092946 -5.747541 5.961603 -2.631038 0.455355 0.561964 2.877534 2.387625 0.971431 0.692903 71.195154 80.087169 85.238149 89.454427 109.714137 80.520502 -8.121789 2.058059 3.389055 2.037865 -4.020232 3.572773 -6.244583 -6.052786 2.473370 3.229213 -0.525420 7.511147 0.112985 1.483592 4.233814 93.424281 78.958803 76.291671 0.739864 8.767211 -3.447071 -5.152367 0.779178 8.514349
79.621859 4.570184 -0.981225 -7.569415 7.815746 3.432323 6.216396 -5.225833 -3.179042 -3.210696 -0.018278 -2.435941 5.050740 2.063251 0.421007 -3.357580 -5.071204 0.821279 4.643777 2.711510 92.831278 66.937302 82.975525 82.368045 80.520502 102.191553 -8.626817 -3.363129 4.171383 5.514631 -0.611892 0.826188 -2.146683 2.270633 2.985590 0.632003 -0.806210 -3.811735 2.369231 5.500302 -0.834339 80.795088 80.748920 74.327861 9.546059 2.836617 4.449591 3.423619 -1.438975 -3.295514
-2.341900 69.293525 80.815951 1.476262 7.256764 -5.064035 -1.678982 -1.657333 -1.671788 -6.487001 2.528560 -4.532897 2.503428 -7.590187 -2.917334 7.331814 8.767741 0.760139 -4.633021 65.651858 -1.593156 -5.023968 -7.172356 3.264198 -8.121789 -8.626817 110.149112 -7.709903 3.561479 2.276665 3.810216 -2.454669 1.229429 -3.670765 -4.118144 -2.147980 -3.397165 -2.385461 -1.514097 1.246981 72.507022 2.023937 7.781384 -5.301577 75.586703 68.522719 72.396707 66.151683 63.007892 2.444298
-5.530927 -0.519705 2.842980 65.268411 62.845731 67.539924 65.803283 -1.953415 6.058982 4.588463 -3.974029 2.071028 -1.025119 -2.829670 0.185419 -0.203260 -2.266195 2.176460 12.015018 -4.847536 -6.894964 -1.804342 -5.948304 -0.575575 2.058059 -3.363129 -7.709903 87.723893 63.859042 58.911435 2.759791 0.037955 0.641377 -2.482028 3.271112 1.569209 -4.918534 6.594252 64.112910 67.134112 0.553840 -6.711920 -0.625349 0.759017 -1.723706 0.463104 -0.562133 -3.128287 -2.083920 69.928852
-3.536528 6.630361 6.205657 61.666685 68.553012 63.693562 64.803427 -6.772235 1.746434 2.162535 -1.263678 -0.140545 4.919392 -7.876290 -6.118754 -3.023941 -0.816469 1.383213 0.156078 6.372247 -4.284096 -11.030436 2.235688 0.934847 3.389055 4.171383 3.561479 63.859042 87.721061 56.469334 -1.150535 3.264285 3.217872 0.812362 1.025782 -1.844092 1.944815 -1.361442 58.329361 73.251919 3.735900 1.682076 -0.117405 -5.038823 6.618197 -0.593329 0.030872 3.034411 -3.404626 66.764941
1.807319 1.802962 -3.337605 69.592972 59.582556 66.461006 63.744029 3.569859 2.347748 5.624050 -4.835085 1.574127 3.998215 2.150199 -0.946755 5.737499 -3.331130 -4.716830 -2.172737 -0.921362 1.884956 -2.786863 0.351203 3.145316 2.037865 5.514631 2.276665 58.911435 56.469334 91.117415 -3.719842 -1.708809 -1.498607 -2.715595 3.046434 0.696219 -1.740098 2.709500 58.156241 67.445703 3.737087 -2.620477 -3.839532 1.026832 5.879664 -5.553118 1.242128 1.815568 -0.045560 63.468052
-5.757553 -5.176140 -5.677082 1.995580 -1.851144 0.819483 1.118538 43.925957 43.275114 47.439114 44.641235 47.464121 -0.609896 -2.439935 5.220336 -3.337586 5.888720 1.481531 54.660513 -1.795208 -2.928845 1.160259 -1.363946 -1.184122 -4.020232 -0.611892 3.810216 2.759791 -1.150535 -3.719842 64.720411 45.997062 45.365899 -5.505881 -3.241249 -7.578787 3.090779 52.351184 1.621928 2.778205 -5.630254 -1.372222 0.880163 -7.189737 5.238750 -1.289048 0.215963 4.205872 -4.426127 -0.743978
1.578359 -3.878917 -4.526439 1.888224 -1.545603 1.873720 5.534309 46.595157 50.828404 51.025987 48.962966 42.090058 0.489558 1.409924 -0.030910 -0.484764 2.655963 1.133989 52.740974 -5.509102 -4.689857 -2.579412 -0.509222 -5.078014 3.572773 0.826188 -2.454669 0.037955 3.264285 -1.708809 45.997062 62.320243 47.003817 -5.044045 -2.532087 0.061729 -3.320231 52.249501 -2.979132 3.434210 1.161327 8.282735 2.509439 -4.946107 -2.501234 3.021502 -3.114335 -3.589594 -0.513720 4.418591
-4.721507 1.012716 8.920238 -4.197529 1.205308 -0.176725 6.883471 48.208645 46.575925 55.207902 48.145039 49.601803 2.008392 -3.172996 -4.466682 -2.023791 0.239626 -3.470339 60.746193 -0.158062 -2.887187 -2.326531 -6.011694 0.501373 -6.244583 -2.146683 1.229429 0.641377 3.217872 -1.498607 45.365899 47.003817 69.242148 -1.203046 -2.270323 -1.996228 0.121677 50.007633 -4.930068 -2.113680 1.785757 1.947324 1.820953 -1.091008 1.533919 -8.790102 -2.201285 2.541195 -6.043335 -4.477651
-5.825925 0.992356 3.473755 -3.173733 1.842529 5.002878 -5.026313 2.305176 -3.806360 2.835067 1.382622 1.612058 35.460423 34.170283 44.659493 42.104022 35.591219 52.390115 1.513414 -1.562358 3.619225 2.783002 5.582417 0.540426 -6.052786 2.270633 -3.670765 -2.482028 0.812362 -2.715595 -5.505881 -5.044045 -1.203046 67.319963 42.975231 36.710735 49.726905 -3.328185 -0.978765 -0.658041 3.674012 3.526284 -4.526076 3.003905 -0.237122 -0.887606 2.036409 -5.038757 6.282038 -3.859375
-3.413127 -0.618098 5.589549 0.548598 1.542655 4.216383 1.827581 3.142229 -2.722968 0.917477 0.069375 1.283068 33.490386 29.037034 36.703349 38.741054 31.894055 39.215440 3.629491 2.957650 -0.635326 -3.841627 4.354135 -3.051358 2.473370 2.985590 -4.118144 3.271112 1.025782 3.046434 -3.241249 -2.532087 -2.270323 42.975231 45.236406 35.698131 40.251823 -2.503229 5.250514 3.249645 2.510816 -1.163428 -2.719596 -5.167992 -2.903909 4.191169 4.763116 -2.579734 -0.995430 5.107427
4.690060 -4.175064 0.654068 -0.725783 2.441574 -1.303168 0.363422 -2.552575 -0.126414 -1.353287 2.862831 -1.755810 35.191526 29.028772 36.367185 35.222411 32.843823 39.718280 -1.119366 1.345748 -1.818371 -7.773385 3.657001 3.776585 3.229213 0.632003 -2.147980 1.569209 -1.844092 0.696219 -7.578787 0.061729 -1.996228 36.710735 35.698131 44.572486 39.951645 -3.775269 0.695612 -1.376415 0.853729 1.133286 4.667647 1.889763 -6.523072 -2.519359 0.463731 -0.656651 3.008092 1.508599
-15.762558 6.742333 3.293647 -0.448387 1.969035 1.306280 -1.719274 -1.242243 -0.932486 1.284013 3.443575 1.405418 38.567211 33.585382 44.260996 35.475531 36.366205 47.618611 -1.611995 7.806920 -1.305368 -5.938484 6.100236 -4.964739 -0.525420 -0.806210 -3.397165 -4.918534 1.944815 -1.740098 3.090779 -3.320231 0.121677 49.726905 40.251823 39.951645 62.807362 0.014892 6.074508 2.956508 2.624375 -2.354915 -0.072290 0.324694 1.417141 -3.488948 -3.755742 -0.429794 3.204905 -3.442129
0.628699 -10.050313 5.942936 -3.046622 -5.441815 6.400868 2.105426 52.186968 51.488472 50.026142 47.260484 46.525788 8.352029 -3.043063 0.837518 -3.656035 2.108045 2.919214 56.391927 -1.778642 -7.360697 0.398230 9.684094 -4.991980 7.511147 -3.811735 -2.385461 6.594252 -1.361442 2.709500 52.351184 52.249501 50.007633 -3.328185 -2.503229 -3.775269 0.014892 83.140211 3.039828 -4.292994 -5.362772 7.380011 -4.709219 3.539758 4.243381 2.386553 -2.010341 -2.274152 4.455145 6.213215
6.233146 -1.073773 1.803641 54.241344 66.375726 73.906886 62.750462 -5.213293 3.561098 3.069819 0.725801 -2.499609 -0.181642 2.168088 -0.929267 2.069004 -1.885156 -4.031595 -0.722225 1.117110 5.659349 2.291591 2.183172 5.433552 0.112985 2.369231 -1.514097 64.112910 58.329361 58.156241 1.621928 -2.979132 -4.930068 -0.978765 5.250514 0.695612 6.074508 3.039828 81.530802 72.306330 -6.147769 0.486188 -1.892820 -0.136820 -4.647162 -3.080981 -0.555859 -1.206209 -5.804692 60.595636
8.533028 5.238632 -0.063459 74.162957 76.485344 72.182172 75.359636 -2.971189 3.284321 -0.475961 2.435120 -0.200592 -1.597965 3.362255 -2.020399 -4.339469 -0.366884 -8.527113 0.244976 1.146547 5.824847 -4.312436 -1.612808 6.604766 1.483592 5.500302 1.246981 67.134112 73.251919 67.445703 2.778205 3.434210 -2.113680 -0.658041 3.249645 -1.376415 2.956508 -4.292994 72.306330 107.578026 2.163412 5.958225 -1.639868 -0.783410 -5.271578 -5.654378 6.952171 2.946505 -0.160083 73.749809
-5.427631 71.378473 75.581656 -0.367699 4.973738 -8.854061 3.109351 -0.254285 -0.227921 1.235493 2.351130 -3.192613 -2.046301 0.998281 2.162502 -1.035929 -2.197711 2.093605 2.963727 58.520416 -3.793370 4.725626 1.102565 -6.042624 4.233814 -0.834339 72.507022 0.553840 3.735900 3.737087 -5.630254 1.161327 1.785757 3.674012 2.510816 0.853729 2.624375 -5.362772 -6.147769 2.163412 91.543700 -1.354713 3.154211 4.925136 62.324461 71.603529 60.158918 65.262205 56.686295 7.040609
95.274774 2.916886 -4.015927 -0.575942 1.910010 4.174741 -0.752866 -5.741283 5.072656 4.354171 1.584895 -0.757758 3.582294 -9.014236 -3.308967 1.699835 4.964813 4.534847 5.505591 3.453555 83.489663 79.493701 83.823674 102.305154 93.424281 80.795088 2.023937 -6.711920 1.682076 -2.620477 -1.372222 8.282735 1.947324 3.526284 -1.163428 1.133286 -2.354915 7.380011 0.486188 5.958225 -1.354713 122.237911 86.153593 76.231951 2.136012 -2.162835 -3.715469 -6.519444 9.646832 -4.513559
76.297447 1.551778 1.020720 -9.383782 2.145862 -7.005265 5.478785 -9.388312 1.222895 -3.133909 -7.742721 2.410251 6.148920 0.559019 3.218271 1.254693 3.617718 13.614034 -4.403908 -1.806185 76.380285 71.530368 81.998051 78.704791 78.958803 80.748920 7.781384 -0.625349 -0.117405 -3.839532 0.880163 2.509439 1.820953 -4.526076 -2.719596 4.667647 -0.072290 -4.709219 -1.892820 -1.639868 3.154211 86.153593 107.975928 73.858109 4.218861 -3.155018 0.975117 -2.198763 -4.676977 1.852816
73.903388 2.333300 4.335913 -1.093543 4.126508 -4.687429 5.859330 -3.030875 -4.633471 -3.094281 1.251152 -1.940803 5.064445 2.348041 0.540882 -3.932124 -4.213907 3.146278 2.159259 1.214172 79.662161 71.936487 83.276054 77.872012 76.291671 74.327861 -5.301577 0.759017 -5.038823 1.026832 -7.189737 -4.946107 -1.091008 3.003905 -5.167992 1.889763 0.324694 3.539758 -0.136820 -0.783410 4.925136 76.231951 73.858109 90.298095 3.539675 3.672615 -6.832270 6.312844 0.642711 -1.141486
-8.359558 72.589067 75.928459 2.144817 1.281607 3.651892 5.593781 -7.415221 1.478138 -2.900499 -6.527907 -8.204220 3.435383 0.399786 -3.303114 0.169390 4.846916 -0.337071 1.502013 65.673367 8.272268 6.700752 9.529512 3.481719 0.739864 9.546059 75.586703 -1.723706 6.618197 5.879664 5.238750 -2.501234 1.533919 -0.237122 -2.903909 -6.523072 1.417141 4.243381 -4.647162 -5.271578 62.324461 2.136012 4.218861 3.539675 97.201521 63.512549 66.204616 69.773927 63.029953 -12.454350
-3.286143 67.532658 72.566426 -2.599602 4.107020 -6.802602 -3.246783 -0.703067 -0.408489 -1.640083 1.314855 -3.006710 0.505584 1.331859 1.957237 3.557091 0.048402 3.223618 8.498919 62.524144 1.748517 7.845603 0.559797 -6.825303 8.767211 2.836617 68.522719 0.463104 -0.593329 -5.553118 -1.289048 3.021502 -8.790102 -0.887606 4.191169 -2.519359 -3.488948 2.386553 -3.080981 -5.654378 71.603529 -2.162835 -3.155018 3.672615 63.512549 84.694160 59.857178 64.219594 58.112342 1.740044
6.360170 61.276943 74.571108 -7.448798 4.275333 1.020233 2.602910 -3.743480 -1.020555 2.837417 -2.618928 -4.018485 0.097688 1.492079 -1.414923 0.758821 -0.921639 -3.408254 -0.646293 59.985233 1.905891 -0.202711 -0.296046 -1.450443 -3.447071 4.449591 72.396707 -0.562133 0.030872 1.242128 0.215963 -3.114335 -2.201285 2.036409 4.763116 0.463731 -3.755742 -2.010341 -0.555859 6.952171 60.158918 -3.715469 0.975117 -6.832270 66.204616 59.857178 89.727995 62.487801 65.045535 -0.812644
2.215805 65.972503 64.520380 1.165488 5.653991 0.721519 8.529373 -3.350933 -5.218883 6.429918 4.163302 0.237891 -0.663347 0.335542 -2.369353 -1.887585 0.615940 -4.274646 1.727977 70.364125 8.663249 5.083695 10.052060 4.183376 -5.152367 3.423619 66.151683 -3.128287 3.034411 1.815568 4.205872 -3.589594 2.541195 -5.038757 -2.579734 -0.656651 -0.429794 -2.274152 -1.206209 2.946505 65.262205 -6.519444 -2.198763 6.312844 69.773927 64.219594 62.487801 90.638130 57.440334 -4.057859
3.828303 68.484702 58.650316 3.533111 7.346160 6.436911 -6.210685 -4.569270 -0.651432 -1.268643 1.837471 -6.440074 0.513000 -1.135643 -1.683947 -1.392901 1.532537 4.882140 -4.177507 60.159362 0.584911 0.319904 -2.247844 1.971581 0.779178 -1.438975 63.007892 -2.083920 -3.404626 -0.045560 -4.426127 -0.513720 -6.043335 6.282038 -0.995430 3.008092 3.204905 4.455145 -5.804692 -0.160083 56.686295 9.646832 -4.676977 0.642711 63.029953 58.112342 65.045535 57.440334 78.367558 -3.848154
4.149075 -7.675967 0.994647 73.840600 62.977293 64.871287 58.086556 0.957945 0.917728 1.111831 2.809449 -2.188802 -1.195627 -4.604608 -0.545949 -3.099869 -0.031945 3.599876 0.584232 -5.311928 -8.014522 -15.503607 6.309227 -5.510726 8.514349 -3.295514 2.444298 69.928852 66.764941 63.468052 -0.743978 4.418591 -4.477651 -3.859375 5.107427 1.508599 -3.442129 6.213215 60.595636 73.749809 7.040609 -4.513559 1.852816 -1.141486 -12.454350 1.740044 -0.812644 -4.057859 -3.848154 92.263561
