# 协方差矩阵（对角线方差=25-144）
# 基于分组相关性矩阵生成
125.240245 8.201362 -6.701154 3.543583 2.801268 0.631714 6.784078 2.667589 7.136147 -6.121910 -5.759805 -5.570178 -0.589359 -9.504897 -4.107196 1.064049 2.154969 7.461708 -11.037251 5.041089 82.752767 78.531426 79.483554 77.979936 81.626110 80.770045 -2.755698 5.862734 4.481024 -4.434466 -6.474293 1.655107 1.728650 2.317722 5.035691 1.377612 9.250414 2.425450 4.431378 0.467988 -6.553699 93.873582 85.400724 75.932989 -1.235485 -3.951597 8.285295 -1.958512 9.720407 -1.376587
8.201362 101.470004 70.203351 -1.736623 1.256301 -0.674880 4.079591 8.298095 6.528160 -1.116540 3.222689 2.703197 -0.229632 -0.677220 -5.343922 -6.646545 5.662126 -2.545289 -1.174602 70.518958 -3.230733 -3.331494 -7.830252 -0.117088 4.757299 -1.395411 84.244529 2.287457 2.611032 4.487318 -1.163275 -0.745339 4.089737 4.277665 -2.143040 6.229214 1.726484 -1.347390 9.136034 -2.570511 66.684760 -9.682780 -7.233155 -6.595844 71.944525 69.363340 70.139917 74.256418 72.662416 8.956832
-6.701154 70.203351 108.772479 -4.835552 -12.458600 -0.500597 -2.979780 -0.302664 -8.949167 -3.553110 7.388279 1.101302 -2.037055 2.886743 -2.441598 0.658212 -1.384352 -0.072023 -4.696230 70.403217 8.669340 3.063940 0.874373 11.680391 -7.623323 5.618062 87.072852 -0.099658 -3.836548 -1.782474 -4.783428 -6.632826 -9.608763 -4.290143 -9.196629 -3.612082 -2.503896 -2.107721 2.365010 -3.178622 80.561999 5.179589 -2.830646 -6.156528 71.678604 73.181192 72.017416 70.907265 64.465310 2.407225
3.543583 -1.736623 -4.835552 92.181937 65.131432 73.848027 61.549387 2.911055 1.704120 8.315530 2.542704 7.512240 -1.561468 1.805169 3.281422 -2.215799 -4.022092 0.588327 2.926275 0.762923 4.951998 1.625177 8.908924 1.360772 4.844674 6.328621 1.611082 62.810197 55.112637 67.999059 2.810234 6.241480 2.668465 1.706858 -3.177059 -3.362531 1.783727 4.448871 60.976981 87.186551 -9.195093 7.688087 6.080508 3.136307 -0.682019 3.131744 1.572946 -7.459036 0.521340 65.105992
2.801268 1.256301 -12.458600 65.131432 93.163085 66.632838 63.460930 4.089105 0.509946 7.662243 -6.636641 1.469278 2.891468 -3.400778 -2.642986 0.133491 3.913826 -0.657561 -7.601220 -6.715521 -2.834723 -3.239121 1.051778 -5.386895 6.481617 -2.543772 -9.261312 59.721928 68.929428 64.701742 0.959336 -5.656654 -1.239719 -2.367006 2.968857 -2.402197 2.522471 -5.120710 66.346706 73.510971 0.277901 -0.585984 0.499238 -10.349803 3.615816 -6.158456 1.226323 3.964420 -1.496820 61.296647
0.631714 -0.674880 -0.500597 73.848027 66.632838 95.154302 63.241828 6.123949 -0.423464 0.678914 2.485046 3.260056 -5.459079 -0.488999 0.387836 -8.965276 -2.235314 -3.032469 -1.305486 -3.657912 -3.383210 -5.580769 0.976841 -3.328740 1.485610 -6.300851 -0.965278 66.477922 58.016223 65.104433 -2.408757 0.463951 -7.570786 -2.362633 -2.110844 -2.041918 5.214949 0.184730 70.895349 74.612329 7.149637 5.729853 -3.112399 0.321116 -1.429360 2.490183 -6.029937 0.439885 0.850391 70.084393
6.784078 4.079591 -2.979780 61.549387 63.460930 63.241828 84.058055 -0.582926 1.894977 3.955367 -8.231253 3.478507 0.945765 3.430841 0.887343 1.044547 2.243369 -5.222627 0.713802 0.967945 -7.492243 3.791095 -6.586436 0.043158 3.101459 4.374626 2.262018 57.238078 65.481805 62.486854 -6.857798 6.252461 1.777267 1.353305 -1.600731 -3.633072 -1.079959 4.074975 64.038337 66.866174 -6.334391 -0.325290 2.348311 -0.573392 -1.245051 -7.026263 4.266022 2.525780 -2.845198 67.547005
2.667589 8.298095 -0.302664 2.911055 4.089105 6.123949 -0.582926 62.721780 45.685776 52.297046 47.550016 47.782080 0.371640 0.293109 -7.861526 -2.279064 4.119464 0.643026 53.357956 5.893264 -10.734866 -6.287407 -3.809174 -2.559540 4.609562 2.465813 5.551242 1.478111 3.983460 4.936112 47.519938 44.353131 43.076056 -2.644102 2.695572 -0.113440 3.413136 53.507412 -0.840366 -2.914788 5.449000 3.571354 -0.866937 -4.373224 -0.157658 -0.390725 1.265202 -0.216177 2.560118 3.320275
7.136147 6.528160 -8.949167 1.704120 0.509946 -0.423464 1.894977 45.685776 59.786150 47.755959 42.064832 40.807046 2.506789 -0.056733 -4.370525 -2.659844 -2.243592 -3.329302 53.299238 -0.185248 -3.719530 1.408144 6.125703 2.174800 -1.796014 1.461529 -1.664446 -4.117763 2.214548 -0.159043 49.348609 42.384416 50.120727 -0.251168 2.288659 -3.408964 -0.312654 50.239087 2.678675 -1.566894 -5.834187 -1.273980 -3.744685 6.510472 -4.544868 -4.317837 -1.900100 1.503913 4.242122 -0.996669
-6.121910 -1.116540 -3.553110 8.315530 7.662243 0.678914 3.955367 52.297046 47.755959 71.999270 41.743662 48.915735 -0.715686 -0.630109 -3.596590 2.355507 0.115223 -1.349397 62.665655 -1.185948 -4.288047 -5.843248 -0.627611 -1.650562 6.960576 -3.593015 8.364836 5.220531 6.058255 0.515091 53.935421 49.913082 48.312452 2.533174 1.258862 -1.638177 -2.594587 59.011044 1.000638 1.515230 1.406526 3.489488 -0.321585 -0.302900 4.150600 1.187171 2.772115 0.651305 4.275652 -2.176585
-5.759805 3.222689 7.388279 2.542704 -6.636641 2.485046 -8.231253 47.550016 42.064832 41.743662 60.521099 41.539641 1.854823 1.246319 -3.850908 0.801280 -2.973092 -1.827773 52.158055 1.637998 -0.770066 -6.868084 -5.896534 6.682369 2.174947 -2.920492 1.698090 9.568537 -1.689064 0.351199 45.520583 44.369479 42.896688 -0.083890 1.212135 1.858763 -1.160708 49.825164 1.096656 3.207976 6.277497 -3.753259 0.784480 -0.409059 -0.153258 4.133185 -4.978525 -3.614846 0.919056 2.041528
-5.570178 2.703197 1.101302 7.512240 1.469278 3.260056 3.478507 47.782080 40.807046 48.915735 41.539641 58.196203 -1.962291 -1.636487 -1.262973 1.281825 0.639191 -3.513043 48.625493 -4.360666 -4.336033 -8.860956 -6.293912 5.025863 -2.524944 -4.925101 9.387122 -0.839495 -4.903341 6.921831 41.157583 42.595946 44.007740 0.016435 0.487093 -5.656875 -0.277590 56.550787 3.636932 -3.333035 -2.455288 1.733299 0.154061 -4.173555 -1.982165 -5.010015 -3.740495 -4.172083 2.140463 -1.847445
-0.589359 -0.229632 -2.037055 -1.561468 2.891468 -5.459079 0.945765 0.371640 2.506789 -0.715686 1.854823 -1.962291 46.548869 29.657420 33.361287 33.479234 35.055311 41.496888 -0.553900 6.229694 -0.183933 0.598729 0.939427 1.554882 -5.453673 -2.770603 4.870461 0.572696 2.511714 -0.568839 1.712006 1.372623 1.965452 42.083116 35.555818 34.345626 35.872008 3.795916 -4.518015 6.656192 2.169428 3.246959 -3.264446 1.458746 1.600488 2.297824 6.595122 -0.061748 -2.901382 3.112741
-9.504897 -0.677220 2.886743 1.805169 -3.400778 -0.488999 3.430841 0.293109 -0.056733 -0.630109 1.246319 -1.636487 29.657420 37.387631 30.063325 31.889425 28.938844 39.124195 1.488812 -2.924516 -6.590059 0.124028 -1.734373 1.728717 -1.847182 1.756660 0.307287 -3.000441 1.083383 6.252941 -1.725082 -0.275194 -1.421471 38.316255 28.186519 28.522119 32.760240 1.715030 -3.788652 4.531352 3.251982 -8.185054 -1.391366 0.545270 -3.205187 -1.976818 1.799277 -3.379647 -0.617475 5.814029
-4.107196 -5.343922 -2.441598 3.281422 -2.642986 0.387836 0.887343 -7.861526 -4.370525 -3.596590 -3.850908 -1.262973 33.361287 30.063325 47.645309 38.836101 31.898728 43.890455 2.912948 -4.367258 0.308729 5.790950 -0.771563 3.103356 -0.621379 1.669669 -1.134322 2.652909 -4.526895 0.754972 -0.963836 -1.136340 3.756045 39.622474 28.540854 35.898694 40.819293 1.421887 1.405422 2.971140 -2.313848 -0.562691 2.385562 3.164166 -2.839127 -1.592477 -4.046851 -3.076754 0.682690 4.233307
1.064049 -6.646545 0.658212 -2.215799 0.133491 -8.965276 1.044547 -2.279064 -2.659844 2.355507 0.801280 1.281825 33.479234 31.889425 38.836101 50.710698 33.069819 43.482949 3.794560 0.467577 7.643159 5.345265 0.055312 8.846720 1.669280 6.297410 -2.784436 0.942770 -4.104629 -8.910270 0.109933 2.745611 3.248048 42.299497 33.903405 30.661363 45.165131 2.889298 0.132334 -0.600879 -7.024933 -5.333111 1.765279 3.181541 -3.908281 -4.748652 1.743523 0.540428 -2.335341 1.346934
2.154969 5.662126 -1.384352 -4.022092 3.913826 -2.235314 2.243369 4.119464 -2.243592 0.115223 -2.973092 0.639191 35.055311 28.938844 31.898728 33.069819 45.952227 43.372446 0.522621 0.735818 -1.365806 -6.472213 -1.389342 -3.933217 -0.940526 0.109706 1.425415 1.773434 5.115930 6.413062 -0.088980 0.450335 -1.543225 38.547573 30.899138 35.902147 41.830898 -1.815260 -0.267811 -0.637924 2.706715 -1.779346 -0.701783 3.349329 -8.758110 2.274424 5.170759 0.414543 3.324455 9.151794
7.461708 -2.545289 -0.072023 0.588327 -0.657561 -3.032469 -5.222627 0.643026 -3.329302 -1.349397 -1.827773 -3.513043 41.496888 39.124195 43.890455 43.482949 43.372446 69.023595 -4.144118 -5.441385 3.335950 -0.369339 3.964283 1.724730 0.150275 2.590017 -8.292625 3.148312 -7.149273 3.880758 -2.132401 -1.564487 -2.468408 46.860515 41.571131 41.549014 48.784267 -3.743619 -3.242873 -2.412409 3.554023 6.607811 0.878573 0.099294 -3.918835 5.126951 6.201762 -5.760824 4.140296 -1.760036
-11.037251 -1.174602 -4.696230 2.926275 -7.601220 -1.305486 0.713802 53.357956 53.299238 62.665655 52.158055 48.625493 -0.553900 1.488812 2.912948 3.794560 0.522621 -4.144118 85.878437 -3.930014 -4.522815 1.572261 -3.362731 -5.605290 -1.711456 -5.462996 -1.032237 0.792731 6.947237 6.114758 61.648043 53.981182 58.122672 2.147928 -3.062797 1.997015 -5.509795 67.612699 -4.704603 -4.359123 -4.728123 -4.914361 -0.526722 2.960923 -4.086448 4.879821 -2.644147 -4.803158 9.349687 6.761793
5.041089 70.518958 70.403217 0.762923 -6.715521 -3.657912 0.967945 5.893264 -0.185248 -1.185948 1.637998 -4.360666 6.229694 -2.924516 -4.367258 0.467577 0.735818 -5.441385 -3.930014 90.462433 5.280185 -2.650988 1.208468 2.985398 9.448882 14.825753 81.512317 -1.891627 -3.273909 -12.084582 -0.166352 0.809673 -0.515383 -2.425099 0.736207 -2.426452 0.289313 -6.813694 -0.864003 3.403353 55.754632 4.440879 -1.032272 4.092551 64.518306 64.441824 62.004236 73.232412 54.681030 11.882570
82.752767 -3.230733 8.669340 4.951998 -2.834723 -3.383210 -7.492243 -10.734866 -3.719530 -4.288047 -0.770066 -4.336033 -0.183933 -6.590059 0.308729 7.643159 -1.365806 3.335950 -4.522815 5.280185 109.850710 77.754872 91.125051 93.961988 69.133283 75.452903 -0.014316 5.691393 -2.740770 -10.673601 -1.231773 0.359452 1.849381 0.806571 2.517104 0.206390 4.153185 -2.951164 -2.193025 -3.019957 -0.476667 88.458177 77.017926 71.468715 2.371893 12.797288 6.057468 4.257021 3.348236 -6.161285
78.531426 -3.331494 3.063940 1.625177 -3.239121 -5.580769 3.791095 -6.287407 1.408144 -5.843248 -6.868084 -8.860956 0.598729 0.124028 5.790950 5.345265 -6.472213 -0.369339 1.572261 -2.650988 77.754872 105.031631 90.431913 89.545685 69.782898 77.212538 -3.876656 -1.190341 1.812750 -1.236057 -4.894997 1.387778 -1.396986 -2.740166 -4.033716 -2.977788 2.398194 1.636897 -2.977747 -6.175448 -5.479561 83.152010 75.059525 67.251860 10.437359 -3.792231 5.448088 -3.622008 0.595884 -8.635636
79.483554 -7.830252 0.874373 8.908924 1.051778 0.976841 -6.586436 -3.809174 6.125703 -0.627611 -5.896534 -6.293912 0.939427 -1.734373 -0.771563 0.055312 -1.389342 3.964283 -3.362731 1.208468 91.125051 90.431913 120.148908 86.686569 71.359307 80.118114 -6.137020 -3.161635 -6.944069 3.395290 -3.437878 -1.242253 0.338172 1.793939 3.446247 -3.246559 4.685972 -12.102478 -2.260991 -5.845437 -6.343122 94.208759 75.181866 70.286862 -0.604422 -5.790342 -1.476497 -4.813429 3.034463 -6.087678
77.979936 -0.117088 11.680391 1.360772 -5.386895 -3.328740 0.043158 -2.559540 2.174800 -1.650562 6.682369 5.025863 1.554882 1.728717 3.103356 8.846720 -3.933217 1.724730 -5.605290 2.985398 93.961988 89.545685 86.686569 129.209228 83.873721 82.775371 3.518040 6.325625 0.462976 -9.818677 -4.409570 4.257320 -1.525455 4.101844 -1.792131 -2.973180 3.196372 -0.332214 -2.438838 -2.622530 -4.106023 95.979688 76.340574 81.017566 7.194952 5.857594 -6.164388 2.120958 -8.890786 -1.349292
81.626110 4.757299 -7.623323 4.844674 6.481617 1.485610 3.101459 4.609562 -1.796014 6.960576 2.174947 -2.524944 -5.453673 -1.847182 -0.621379 1.669280 -0.940526 0.150275 -1.711456 9.448882 69.133283 69.782898 71.359307 83.873721 109.714137 73.694980 -0.780253 4.854024 -0.545579 -0.119834 0.594143 5.168980 -0.018282 -0.155667 -1.461085 -0.592904 -1.879943 -1.336252 3.486038 1.086117 -2.323052 76.673538 86.593650 71.967548 7.245207 -2.024671 -8.293486 5.594478 4.256709 3.580202
80.770045 -1.395411 5.618062 6.328621 -2.543772 -6.300851 4.374626 2.465813 1.461529 -3.593015 -2.920492 -4.925101 -2.770603 1.756660 1.669669 6.297410 0.109706 2.590017 -5.462996 14.825753 75.452903 77.212538 80.118114 82.775371 73.694980 102.191553 1.934256 3.120930 11.508778 -4.498461 2.710524 2.060378 1.268920 -1.542626 -1.290991 -3.475995 2.520057 -1.986982 -4.117295 4.014294 1.341549 82.289659 79.770422 66.563997 -5.157710 -4.777161 -1.285258 -0.812883 -4.245829 5.781977
-2.755698 84.244529 87.072852 1.611082 -9.261312 -0.965278 2.262018 5.551242 -1.664446 8.364836 1.698090 9.387122 4.870461 0.307287 -1.134322 -2.784436 1.425415 -8.292625 -1.032237 81.512317 -0.014316 -3.876656 -6.137020 3.518040 -0.780253 1.934256 110.149112 -0.798028 -3.020695 -6.275096 -3.400307 2.221272 -2.355432 5.929413 -2.012831 -0.673182 -0.989369 5.923957 3.093762 4.127507 76.814937 5.397960 -2.064741 -1.749944 81.950111 71.697094 71.860274 69.756990 67.268905 3.807154
5.862734 2.287457 -0.099658 62.810197 59.721928 66.477922 57.238078 1.478111 -4.117763 5.220531 9.568537 -0.839495 0.572696 -3.000441 2.652909 0.942770 1.773434 3.148312 0.792731 -1.891627 5.691393 -1.190341 -3.161635 6.325625 4.854024 3.120930 -0.798028 87.723893 59.843913 55.917854 -5.365817 4.291803 -4.402924 -3.741385 4.500480 4.279060 0.648891 -1.029854 61.503818 74.614171 3.852585 6.698396 1.702151 -2.941261 -5.724859 7.381964 -0.916139 -0.167599 -0.473543 69.105137
4.481024 2.611032 -3.836548 55.112637 68.929428 58.016223 65.481805 3.983460 2.214548 6.058255 -1.689064 -4.903341 2.511714 1.083383 -4.526895 -4.104629 5.115930 -7.149273 6.947237 -3.273909 -2.740770 1.812750 -6.944069 0.462976 -0.545579 11.508778 -3.020695 59.843913 87.721061 61.765504 5.602558 -1.380669 -1.642606 1.406738 -2.052452 1.823393 -6.129486 3.643832 54.097797 73.831967 4.936851 4.916569 -1.202617 0.990922 -2.176523 4.563458 -1.998121 -2.654508 -3.416673 71.225734
-4.434466 4.487318 -1.782474 67.999059 64.701742 65.104433 62.486854 4.936112 -0.159043 0.515091 0.351199 6.921831 -0.568839 6.252941 0.754972 -8.910270 6.413062 3.880758 6.114758 -12.084582 -10.673601 -1.236057 3.395290 -9.818677 -0.119834 -4.498461 -6.275096 55.917854 61.765504 91.117415 -3.656333 -1.946114 -0.837025 -0.956779 1.522745 -0.107864 -8.771474 1.219547 58.635058 67.784643 -0.081599 -2.226118 2.547060 -5.612391 -6.526204 0.065005 -2.801438 -9.556943 7.304542 67.378785
-6.474293 -1.163275 -4.783428 2.810234 0.959336 -2.408757 -6.857798 47.519938 49.348609 53.935421 45.520583 41.157583 1.712006 -1.725082 -0.963836 0.109933 -0.088980 -2.132401 61.648043 -0.166352 -1.231773 -4.894997 -3.437878 -4.409570 0.594143 2.710524 -3.400307 -5.365817 5.602558 -3.656333 64.720411 44.784369 50.820992 -1.767219 -5.680761 -1.153236 -3.473531 58.018758 -1.594192 -2.284085 1.477601 -4.082485 -1.020569 1.889061 -4.765368 3.341789 -2.226821 -0.366735 -0.117115 -5.544571
1.655107 -0.745339 -6.632826 6.241480 -5.656654 0.463951 6.252461 44.353131 42.384416 49.913082 44.369479 42.595946 1.372623 -0.275194 -1.136340 2.745611 0.450335 -1.564487 53.981182 0.809673 0.359452 1.387778 -1.242253 4.257320 5.168980 2.060378 2.221272 4.291803 -1.380669 -1.946114 44.784369 62.320243 51.010093 2.749448 0.230495 -0.859200 1.404260 55.760190 -0.054817 1.469990 -1.206610 -1.087621 1.083760 12.807601 3.407869 -2.591476 4.331426 -2.472919 -1.224156 -1.114281
1.728650 4.089737 -9.608763 2.668465 -1.239719 -7.570786 1.777267 43.076056 50.120727 48.312452 42.896688 44.007740 1.965452 -1.421471 3.756045 3.248048 -1.543225 -2.468408 58.122672 -0.515383 1.849381 -1.396986 0.338172 -1.525455 -0.018282 1.268920 -2.355432 -4.402924 -1.642606 -0.837025 50.820992 51.010093 69.242148 -1.719480 0.635156 3.072186 1.575952 58.586488 -3.854919 0.482803 -8.073087 -6.673077 -2.576431 -1.491067 -1.872211 -4.217843 -2.663793 2.559284 3.579893 1.970008
2.317722 4.277665 -4.290143 1.706858 -2.367006 -2.362633 1.353305 -2.644102 -0.251168 2.533174 -0.083890 0.016435 42.083116 38.316255 39.622474 42.299497 38.547573 46.860515 2.147928 -2.425099 0.806571 -2.740166 1.793939 4.101844 -0.155667 -1.542626 5.929413 -3.741385 1.406738 -0.956779 -1.767219 2.749448 -1.719480 67.319963 40.732188 44.126769 44.580449 2.137888 -2.531912 1.143095 2.908868 -0.466130 0.477422 8.904216 1.774931 -2.915471 3.526699 -5.121782 2.040623 0.078794
5.035691 -2.143040 -9.196629 -3.177059 2.968857 -2.110844 -1.600731 2.695572 2.288659 1.258862 1.212135 0.487093 35.555818 28.186519 28.540854 33.903405 30.899138 41.571131 -3.062797 0.736207 2.517104 -4.033716 3.446247 -1.792131 -1.461085 -1.290991 -2.012831 4.500480 -2.052452 1.522745 -5.680761 0.230495 0.635156 40.732188 45.236406 31.291883 36.450273 0.180205 -2.224884 0.971410 -2.649045 1.776861 -1.458354 0.828268 -2.673469 -3.185061 -1.638847 -0.802621 1.503423 3.707785
1.377612 6.229214 -3.612082 -3.362531 -2.402197 -2.041918 -3.633072 -0.113440 -3.408964 -1.638177 1.858763 -5.656875 34.345626 28.522119 35.898694 30.661363 35.902147 41.549014 1.997015 -2.426452 0.206390 -2.977788 -3.246559 -2.973180 -0.592904 -3.475995 -0.673182 4.279060 1.823393 -0.107864 -1.153236 -0.859200 3.072186 44.126769 31.291883 44.572486 39.924729 -0.695879 -5.188564 0.234592 4.447549 -2.089238 -0.779348 -0.460551 -2.750132 3.250143 2.427341 -0.692811 2.182722 4.685243
9.250414 1.726484 -2.503896 1.783727 2.522471 5.214949 -1.079959 3.413136 -0.312654 -2.594587 -1.160708 -0.277590 35.872008 32.760240 40.819293 45.165131 41.830898 48.784267 -5.509795 0.289313 4.153185 2.398194 4.685972 3.196372 -1.879943 2.520057 -0.989369 0.648891 -6.129486 -8.771474 -3.473531 1.404260 1.575952 44.580449 36.450273 39.924729 62.807362 -3.328824 4.635111 0.684190 -4.863468 -0.598462 -2.640188 3.131824 -2.917808 -3.919478 1.773841 -0.217328 -0.295935 2.623259
2.425450 -1.347390 -2.107721 4.448871 -5.120710 0.184730 4.074975 53.507412 50.239087 59.011044 49.825164 56.550787 3.795916 1.715030 1.421887 2.889298 -1.815260 -3.743619 67.612699 -6.813694 -2.951164 1.636897 -12.102478 -0.332214 -1.336252 -1.986982 5.923957 -1.029854 3.643832 1.219547 58.018758 55.760190 58.586488 2.137888 0.180205 -0.695879 -3.328824 83.140211 -5.716220 2.708743 1.422640 0.494119 1.693565 0.736358 -1.969334 -2.853376 3.296852 -2.583975 2.646077 -2.251526
4.431378 9.136034 2.365010 60.976981 66.346706 70.895349 64.038337 -0.840366 2.678675 1.000638 1.096656 3.636932 -4.518015 -3.788652 1.405422 0.132334 -0.267811 -3.242873 -4.704603 -0.864003 -2.193025 -2.977747 -2.260991 -2.438838 3.486038 -4.117295 3.093762 61.503818 54.097797 58.635058 -1.594192 -0.054817 -3.854919 -2.531912 -2.224884 -5.188564 4.635111 -5.716220 81.530802 61.195936 2.901274 -6.876413 -5.010098 -5.013234 3.540782 -0.324099 -5.444767 0.973583 1.566859 54.831839
0.467988 -2.570511 -3.178622 87.186551 73.510971 74.612329 66.866174 -2.914788 -1.566894 1.515230 3.207976 -3.333035 6.656192 4.531352 2.971140 -0.600879 -0.637924 -2.412409 -4.359123 3.403353 -3.019957 -6.175448 -5.845437 -2.622530 1.086117 4.014294 4.127507 74.614171 73.831967 67.784643 -2.284085 1.469990 0.482803 1.143095 0.971410 0.234592 0.684190 2.708743 61.195936 107.578026 -0.280813 -0.298661 -1.547736 0.141850 -0.814343 3.876394 -0.497462 -1.725724 -1.640005 82.126685
-6.553699 66.684760 80.561999 -9.195093 0.277901 7.149637 -6.334391 5.449000 -5.834187 1.406526 6.277497 -2.455288 2.169428 3.251982 -2.313848 -7.024933 2.706715 3.554023 -4.728123 55.754632 -0.476667 -5.479561 -6.343122 -4.106023 -2.323052 1.341549 76.814937 3.852585 4.936851 -0.081599 1.477601 -1.206610 -8.073087 2.908868 -2.649045 4.447549 -4.863468 1.422640 2.901274 -0.280813 91.543700 0.542783 -2.474550 -6.743367 68.357418 61.784935 64.436555 61.314435 57.736018 0.014892
93.873582 -9.682780 5.179589 7.688087 -0.585984 5.729853 -0.325290 3.571354 -1.273980 3.489488 -3.753259 1.733299 3.246959 -8.185054 -0.562691 -5.333111 -1.779346 6.607811 -4.914361 4.440879 88.458177 83.152010 94.208759 95.979688 76.673538 82.289659 5.397960 6.698396 4.916569 -2.226118 -4.082485 -1.087621 -6.673077 -0.466130 1.776861 -2.089238 -0.598462 0.494119 -6.876413 -0.298661 0.542783 122.237911 87.159111 72.797254 8.557611 7.355429 -2.246625 -10.406236 2.074065 -1.307009
85.400724 -7.233155 -2.830646 6.080508 0.499238 -3.112399 2.348311 -0.866937 -3.744685 -0.321585 0.784480 0.154061 -3.264446 -1.391366 2.385562 1.765279 -0.701783 0.878573 -0.526722 -1.032272 77.017926 75.059525 75.181866 76.340574 86.593650 79.770422 -2.064741 1.702151 -1.202617 2.547060 -1.020569 1.083760 -2.576431 0.477422 -1.458354 -0.779348 -2.640188 1.693565 -5.010098 -1.547736 -2.474550 87.159111 107.975928 73.618698 -1.225460 -7.420875 1.059607 -9.994863 4.659286 -3.318522
75.932989 -6.595844 -6.156528 3.136307 -10.349803 0.321116 -0.573392 -4.373224 6.510472 -0.302900 -0.409059 -4.173555 1.458746 0.545270 3.164166 3.181541 3.349329 0.099294 2.960923 4.092551 71.468715 67.251860 70.286862 81.017566 71.967548 66.563997 -1.749944 -2.941261 0.990922 -5.612391 1.889061 12.807601 -1.491067 8.904216 0.828268 -0.460551 3.131824 0.736358 -5.013234 0.141850 -6.743367 72.797254 73.618698 90.298095 -2.194451 1.326824 -0.779299 -1.306147 -0.009725 0.002878
-1.235485 71.944525 71.678604 -0.682019 3.615816 -1.429360 -1.245051 -0.157658 -4.544868 4.150600 -0.153258 -1.982165 1.600488 -3.205187 -2.839127 -3.908281 -8.758110 -3.918835 -4.086448 64.518306 2.371893 10.437359 -0.604422 7.194952 7.245207 -5.157710 81.950111 -5.724859 -2.176523 -6.526204 -4.765368 3.407869 -1.872211 1.774931 -2.673469 -2.750132 -2.917808 -1.969334 3.540782 -0.814343 68.357418 8.557611 -1.225460 -2.194451 97.201521 68.386405 65.920339 61.884160 64.549723 -7.421947
-3.951597 69.363340 73.181192 3.131744 -6.158456 2.490183 -7.026263 -0.390725 -4.317837 1.187171 4.133185 -5.010015 2.297824 -1.976818 -1.592477 -4.748652 2.274424 5.126951 4.879821 64.441824 12.797288 -3.792231 -5.790342 5.857594 -2.024671 -4.777161 71.697094 7.381964 4.563458 0.065005 3.341789 -2.591476 -4.217843 -2.915471 -3.185061 3.250143 -3.919478 -2.853376 -0.324099 3.876394 61.784935 7.355429 -7.420875 1.326824 68.386405 84.694160 61.717439 62.705679 63.892854 9.107521
8.285295 70.139917 72.017416 1.572946 1.226323 -6.029937 4.266022 1.265202 -1.900100 2.772115 -4.978525 -3.740495 6.595122 1.799277 -4.046851 1.743523 5.170759 6.201762 -2.644147 62.004236 6.057468 5.448088 -1.476497 -6.164388 -8.293486 -1.285258 71.860274 -0.916139 -1.998121 -2.801438 -2.226821 4.331426 -2.663793 3.526699 -1.638847 2.427341 1.773841 3.296852 -5.444767 -0.497462 64.436555 -2.246625 1.059607 -0.779299 65.920339 61.717439 89.727995 67.532688 62.037447 -3.293774
-1.958512 74.256418 70.907265 -7.459036 3.964420 0.439885 2.525780 -0.216177 1.503913 0.651305 -3.614846 -4.172083 -0.061748 -3.379647 -3.076754 0.540428 0.414543 -5.760824 -4.803158 73.232412 4.257021 -3.622008 -4.813429 2.120958 5.594478 -0.812883 69.756990 -0.167599 -2.654508 -9.556943 -0.366735 -2.472919 2.559284 -5.121782 -0.802621 -0.692811 -0.217328 -2.583975 0.973583 -1.725724 61.314435 -10.406236 -9.994863 -1.306147 61.884160 62.705679 67.532688 90.638130 61.756023 10.232489
9.720407 72.662416 64.465310 0.521340 -1.496820 0.850391 -2.845198 2.560118 4.242122 4.275652 0.919056 2.140463 -2.901382 -0.617475 0.682690 -2.335341 3.324455 4.140296 9.349687 54.681030 3.348236 0.595884 3.034463 -8.890786 4.256709 -4.245829 67.268905 -0.473543 -3.416673 7.304542 -0.117115 -1.224156 3.579893 2.040623 1.503423 2.182722 -0.295935 2.646077 1.566859 -1.640005 57.736018 2.074065 4.659286 -0.009725 64.549723 63.892854 62.037447 61.756023 78.367558 7.823719
-1.376587 8.956832 2.407225 65.105992 61.296647 70.084393 67.547005 3.320275 -0.996669 -2.176585 2.041528 -1.847445 3.112741 5.814029 4.233307 1.346934 9.151794 -1.760036 6.761793 11.882570 -6.161285 -8.635636 -6.087678 -1.349292 3.580202 5.781977 3.807154 69.105137 71.225734 67.378785 -5.544571 -1.114281 1.970008 0.078794 3.707785 4.685243 2.623259 -2.251526 54.831839 82.126685 0.014892 -1.307009 -3.318522 0.002878 -7.421947 9.107521 -3.293774 10.232489 7.823719 92.263561
