# 协方差矩阵（对角线方差=25-144）
# 基于分组相关性矩阵生成
125.240245 10.099662 2.972814 11.557918 5.329702 -0.414204 1.234628 0.388577 -9.687277 12.995725 0.906497 -0.470089 3.877745 -2.976750 -6.187561 3.636013 -5.322739 2.118371 -2.827511 -0.769672 85.070269 83.939493 82.945780 86.814997 85.670175 70.938879 6.634700 4.575052 3.232395 1.580406 -0.134308 3.726168 2.569800 -7.014124 -3.142896 0.004255 7.834296 -2.534848 -1.505064 13.634158 0.131565 80.935292 87.525674 70.600901 -3.879678 4.697998 4.501759 7.680906 7.378547 10.273971
10.099662 101.470004 75.319948 2.666018 -3.569349 4.803761 -1.946687 -4.472314 -1.467453 2.020965 0.333668 -0.205578 4.533004 3.125788 1.131440 0.255935 2.058423 3.045485 2.324004 71.103316 -6.348915 -0.501478 -3.993449 3.675125 -2.587703 -8.960519 73.530553 -5.854726 3.974541 0.917419 6.311850 5.152663 7.189575 -7.912363 1.158016 -2.268809 5.945116 -7.668001 -1.367715 3.142228 68.622317 -6.469935 6.150232 0.526060 68.447985 66.257283 66.078775 77.350487 67.793867 2.859155
2.972814 75.319948 108.772479 0.174960 0.182175 -5.526228 5.780068 2.027380 1.303386 2.417797 -1.076370 8.545589 -0.923928 -2.863571 2.587885 6.027233 -2.345886 -1.132850 -2.633188 64.942719 9.096502 13.980031 -5.850699 0.775512 4.504967 -3.852641 78.644930 -8.249184 0.347631 0.114057 -4.052330 4.316804 6.811661 0.952160 2.832982 1.334482 -1.652444 -4.144596 0.796575 0.862079 65.433173 6.106055 -0.235691 10.381643 70.183194 58.034260 70.785445 74.214959 64.789042 3.876031
11.557918 2.666018 0.174960 92.181937 68.360802 72.511654 69.475124 1.184338 -2.586733 3.029381 -2.467223 1.395741 0.369715 1.000406 5.294435 1.799853 -5.972516 4.433321 -1.762874 0.701625 4.349095 3.658927 3.225497 13.369412 8.938933 7.919132 4.845841 60.797259 59.163062 67.964293 0.576517 -1.953475 8.049930 -3.579284 0.371677 -3.424983 5.439035 0.900585 60.061140 79.379221 1.977638 4.001298 6.252906 4.777534 -0.266424 3.013291 7.868387 3.707052 -3.947041 65.541853
5.329702 -3.569349 0.182175 68.360802 93.163085 61.409025 65.244504 -4.529615 2.681203 -4.111908 -0.521015 0.779905 -2.750269 -1.875283 -4.728006 7.631295 -6.336153 10.121959 2.267801 4.009701 0.638410 -0.133184 8.443459 -1.969382 -0.645303 -5.292420 5.971327 63.125032 60.438277 68.312433 -3.266685 0.956240 0.557032 0.934348 -0.789096 1.265816 -6.318339 -4.793169 56.058742 71.647765 -2.333635 6.170942 5.105380 -5.188591 -8.677077 1.149222 -0.184978 2.405369 -0.729213 63.608814
-0.414204 4.803761 -5.526228 72.511654 61.409025 95.154302 64.817938 -1.186632 2.675832 -0.623299 4.849124 -5.414054 -1.193705 3.319094 0.263748 -7.911262 -2.582894 1.166516 -2.027087 4.711177 0.787043 3.792075 -6.106249 3.799524 -8.577293 2.613647 6.390953 65.153818 71.071194 75.721281 4.392759 1.663150 8.682334 -0.959266 0.664950 -5.512411 -2.555307 -2.195225 64.187611 62.767488 2.099741 -4.710027 -3.956671 -2.950919 -8.541165 -2.989320 -4.510994 4.827657 -4.255523 63.376906
1.234628 -1.946687 5.780068 69.475124 65.244504 64.817938 84.058055 -0.805227 1.582745 -0.390985 -5.532450 -1.316626 5.321139 0.301893 2.101093 1.978508 -2.371026 -0.403782 -2.106713 -1.559488 7.262196 -0.697487 -9.248673 -1.878884 -1.419806 5.756979 0.342931 55.297271 58.217612 69.004773 -0.927075 7.488460 -0.940917 -0.909581 2.259251 1.298910 -0.442892 2.809617 49.115219 63.838157 -1.913766 1.218229 0.534467 1.680771 -2.219088 -2.414312 3.803208 1.252859 2.181522 66.146622
0.388577 -4.472314 2.027380 1.184338 -4.529615 -1.186632 -0.805227 62.721780 40.731890 52.521298 46.705309 41.908133 4.375531 -3.050441 0.942627 4.653597 -1.515033 1.069966 54.152196 -3.498416 3.400313 2.785121 -4.377318 -4.598845 2.211030 -1.437028 -0.972798 -2.164828 -1.860383 0.599762 47.989022 39.982578 47.558013 0.436275 -0.133291 3.667492 -2.028542 58.392025 2.772866 0.432466 -2.653432 -9.426180 1.972550 3.563715 -5.377997 4.014958 -1.117244 -1.924145 -2.393971 2.562303
-9.687277 -1.467453 1.303386 -2.586733 2.681203 2.675832 1.582745 40.731890 59.786150 45.356390 44.980287 42.335534 -4.569450 0.793403 -0.607404 -3.508446 -4.185167 1.162161 56.442872 1.982413 -0.337120 1.210633 -3.458699 6.685791 -5.280212 -3.232584 -0.336119 1.152931 2.036452 0.845807 41.409921 47.200428 49.595008 6.144394 0.236661 -0.154056 -2.868449 51.808880 1.890127 -5.218903 -4.458094 -4.106543 -2.800926 -1.194050 0.349481 0.899662 -5.399236 0.965529 1.083523 -0.121148
12.995725 2.020965 2.417797 3.029381 -4.111908 -0.623299 -0.390985 52.521298 45.356390 71.999270 47.900816 42.731377 3.128926 0.944607 1.819047 3.890638 -1.907070 -1.054758 57.497300 -1.318430 -3.857083 4.677567 -7.585351 -2.514568 4.986143 6.516558 3.989076 1.481010 8.696844 2.128490 45.986777 47.465574 47.639599 -4.965651 -0.666473 2.416536 0.343232 56.926404 -0.147869 7.941304 3.523591 -0.013851 -2.287777 5.942084 5.843513 0.815832 -6.534353 3.667079 0.864771 5.930652
0.906497 0.333668 -1.076370 -2.467223 -0.521015 4.849124 -5.532450 46.705309 44.980287 47.900816 60.521099 37.673721 1.012664 -2.266002 0.859776 0.703811 -0.569483 -2.139564 57.002117 2.468198 2.449912 6.485165 5.164573 -8.023607 -7.658036 0.477295 0.730021 3.661674 2.169367 1.922417 37.919592 35.990386 47.979934 -1.685704 -1.468486 -3.181478 -0.071782 50.822424 2.836584 -7.509400 2.590311 -0.257858 1.669737 -1.348236 -2.656259 5.501575 -6.072879 1.201429 -2.984422 9.761174
-0.470089 -0.205578 8.545589 1.395741 0.779905 -5.414054 -1.316626 41.908133 42.335534 42.731377 37.673721 58.196203 -3.063856 -1.178860 0.600351 0.490143 1.357676 5.049661 51.943453 -1.366055 5.695367 3.409850 2.783344 1.143247 1.585906 -5.119142 -3.290462 -5.527554 -2.854528 -1.605704 47.370381 43.516257 44.914638 1.179463 -2.046261 -2.224421 3.425755 46.580865 -6.543668 -3.307087 0.478631 1.151032 0.416106 0.091128 -2.301879 -4.734156 -5.023233 6.998663 -1.633265 -4.955010
3.877745 4.533004 -0.923928 0.369715 -2.750269 -1.193705 5.321139 4.375531 -4.569450 3.128926 1.012664 -3.063856 46.548869 28.994727 34.754889 37.653824 34.588803 38.108864 -1.731434 0.029951 1.090842 1.753700 -0.893217 3.763387 7.452192 0.812500 -1.743494 1.046364 -3.563847 4.344030 3.259391 2.301968 4.605797 38.135943 34.135447 37.590209 40.214591 5.528025 -0.482407 1.180303 4.483686 4.171376 3.519011 6.474340 -0.837182 0.468604 -0.707026 1.738422 -2.464720 3.935981
-2.976750 3.125788 -2.863571 1.000406 -1.875283 3.319094 0.301893 -3.050441 0.793403 0.944607 -2.266002 -1.178860 28.994727 37.387631 26.524897 30.033816 28.151253 35.375177 -0.922126 -2.059279 -4.373124 2.492476 -6.807545 -0.866806 -1.128154 1.720270 1.453759 -0.122146 0.992913 -4.928267 1.021066 1.412739 4.274788 36.139131 25.866958 27.735339 35.946369 4.601706 -5.314301 -4.510633 -1.397184 -2.010903 5.602610 -0.523589 1.523761 -3.140731 -2.211962 0.910884 -3.951580 -1.835480
-6.187561 1.131440 2.587885 5.294435 -4.728006 0.263748 2.101093 0.942627 -0.607404 1.819047 0.859776 0.600351 34.754889 26.524897 47.645309 35.673064 33.465713 42.570619 -6.465526 1.211211 1.528934 -0.989516 -3.487904 -0.356147 -5.473514 0.492686 -0.675339 -6.401634 1.902954 0.342591 -2.296501 -1.905300 1.399796 38.869524 35.229322 32.154113 37.932304 1.676124 1.306457 3.170226 0.808509 0.136351 -0.442423 4.449225 2.960429 1.563324 -1.541340 -2.190050 -9.193374 -4.156070
3.636013 0.255935 6.027233 1.799853 7.631295 -7.911262 1.978508 4.653597 -3.508446 3.890638 0.703811 0.490143 37.653824 30.033816 35.673064 50.710698 28.919540 43.293671 5.801652 -0.855629 -3.001379 2.551679 -1.893391 -3.041959 0.318263 0.084881 3.439050 -0.262487 -7.307022 -6.508162 1.426744 -2.951429 2.376491 42.647311 37.581283 33.788018 41.977455 2.100068 -4.433800 2.600376 4.177942 6.745715 3.169458 3.983339 -0.205526 3.688387 -1.982780 -1.183006 -1.336800 -0.240779
-5.322739 2.058423 -2.345886 -5.972516 -6.336153 -2.582894 -2.371026 -1.515033 -4.185167 -1.907070 -0.569483 1.357676 34.588803 28.151253 33.465713 28.919540 45.952227 36.864059 -2.532861 2.618319 4.288104 1.965811 0.150662 -8.806766 -3.418278 2.890634 -7.552965 -1.024846 3.299040 0.991047 3.080505 4.233619 -4.229769 40.217062 28.158203 33.815287 38.339858 0.397485 4.679372 -1.955819 -2.459904 -0.883733 -0.450797 3.529582 1.518547 -6.296432 -4.965617 0.573865 -3.103083 -1.464264
2.118371 3.045485 -1.132850 4.433321 10.121959 1.166516 -0.403782 1.069966 1.162161 -1.054758 -2.139564 5.049661 38.108864 35.375177 42.570619 43.293671 36.864059 69.023595 1.238661 0.211491 1.469201 1.697682 0.588251 1.062527 1.646768 -1.969362 0.791060 -4.324616 8.243864 -0.072467 1.693420 4.448911 0.885842 52.075253 43.497838 38.215560 44.210255 1.343164 3.389599 1.116249 -3.625100 -7.565786 0.793674 -2.684246 -2.939909 2.888189 1.365556 2.093620 0.857935 2.216526
-2.827511 2.324004 -2.633188 -1.762874 2.267801 -2.027087 -2.106713 54.152196 56.442872 57.497300 57.002117 51.943453 -1.731434 -0.922126 -6.465526 5.801652 -2.532861 1.238661 85.878437 -3.193459 -7.169609 -0.596880 -2.983545 -2.741781 -3.524138 2.154395 -2.218595 0.680755 -3.611331 0.263450 57.451497 49.645512 51.201038 -0.044294 0.497706 -6.814704 7.694956 57.902356 0.842390 -11.091624 1.418107 -4.611099 0.005402 0.713485 4.563353 7.062651 -9.661678 4.506130 3.935944 8.865792
-0.769672 71.103316 64.942719 0.701625 4.009701 4.711177 -1.559488 -3.498416 1.982413 -1.318430 2.468198 -1.366055 0.029951 -2.059279 1.211211 -0.855629 2.618319 0.211491 -3.193459 90.462433 2.456568 5.495583 -1.306532 -4.516773 -0.561173 1.010552 84.119643 -1.071633 2.241290 -0.771222 2.388432 7.989836 3.807599 -0.906183 1.314336 2.393343 -0.223716 2.279894 2.960803 1.061432 65.077461 4.146968 5.307565 -8.322361 58.708193 59.756452 65.261533 65.096680 60.829650 -0.735441
85.070269 -6.348915 9.096502 4.349095 0.638410 0.787043 7.262196 3.400313 -0.337120 -3.857083 2.449912 5.695367 1.090842 -4.373124 1.528934 -3.001379 4.288104 1.469201 -7.169609 2.456568 109.850710 87.074948 85.871602 78.671950 81.890986 78.900980 -0.152687 -0.422794 3.525167 0.887471 -3.511105 2.160161 4.428926 8.191848 -4.417263 3.005815 -0.892801 0.640686 2.666293 -9.537048 2.642302 83.753100 80.784345 73.235772 0.274805 -0.224260 13.134087 5.574396 0.035900 -3.205378
83.939493 -0.501478 13.980031 3.658927 -0.133184 3.792075 -0.697487 2.785121 1.210633 4.677567 6.485165 3.409850 1.753700 2.492476 -0.989516 2.551679 1.965811 1.697682 -0.596880 5.495583 87.074948 105.031631 70.904804 81.456661 80.398784 80.404983 -2.120683 11.199422 4.849868 -1.774859 0.757759 2.582774 5.437994 4.877614 -6.891188 1.154833 1.210331 -0.421112 -2.090335 0.698482 7.870095 80.973203 72.266129 69.503655 -0.111412 6.421224 8.945546 3.449630 3.736603 6.260417
82.945780 -3.993449 -5.850699 3.225497 8.443459 -6.106249 -9.248673 -4.377318 -3.458699 -7.585351 5.164573 2.783344 -0.893217 -6.807545 -3.487904 -1.893391 0.150662 0.588251 -2.983545 -1.306532 85.871602 70.904804 120.148908 89.923857 78.880065 62.451197 -1.267393 7.099892 8.461833 -2.388790 -3.231888 -5.879475 -1.589988 2.109817 3.677477 -5.255645 2.079834 2.686297 3.671675 3.820853 -0.136615 92.318286 78.963019 70.555301 -7.712073 1.955591 6.774756 -0.301900 0.926244 -3.504445
86.814997 3.675125 0.775512 13.369412 -1.969382 3.799524 -1.878884 -4.598845 6.685791 -2.514568 -8.023607 1.143247 3.763387 -0.866806 -0.356147 -3.041959 -8.806766 1.062527 -2.741781 -4.516773 78.671950 81.456661 89.923857 129.209228 93.211249 73.131287 -6.509746 -3.066085 -2.924244 3.612911 -1.896815 -3.457003 6.526957 5.837003 6.252682 -0.837125 5.130316 -1.667936 -3.047513 8.796005 1.810820 84.958822 83.363579 84.242136 -7.211797 3.311500 0.131189 4.683080 1.743314 -10.116336
85.670175 -2.587703 4.504967 8.938933 -0.645303 -8.577293 -1.419806 2.211030 -5.280212 4.986143 -7.658036 1.585906 7.452192 -1.128154 -5.473514 0.318263 -3.418278 1.646768 -3.524138 -0.561173 81.890986 80.398784 78.880065 93.211249 109.714137 70.897457 -0.477270 -0.576814 1.462037 0.107447 0.164584 -3.925497 0.647168 1.810350 -1.705158 4.084031 1.144987 -2.385716 -1.400859 3.180821 -1.420642 85.750521 78.613770 72.917860 -3.066660 -5.046990 8.464013 5.771479 -4.687980 4.433977
70.938879 -8.960519 -3.852641 7.919132 -5.292420 2.613647 5.756979 -1.437028 -3.232584 6.516558 0.477295 -5.119142 0.812500 1.720270 0.492686 0.084881 2.890634 -1.969362 2.154395 1.010552 78.900980 80.404983 62.451197 73.131287 70.897457 102.191553 -6.891977 -6.988059 3.407523 -4.155618 -4.644022 5.589906 -3.002520 -0.140151 -1.833121 -5.335197 1.734413 1.243488 -10.102720 -5.555713 -0.907494 78.660754 65.789773 75.230864 -6.521173 1.643064 4.093426 -4.789365 -2.924290 0.848626
6.634700 73.530553 78.644930 4.845841 5.971327 6.390953 0.342931 -0.972798 -0.336119 3.989076 0.730021 -3.290462 -1.743494 1.453759 -0.675339 3.439050 -7.552965 0.791060 -2.218595 84.119643 -0.152687 -2.120683 -1.267393 -6.509746 -0.477270 -6.891977 110.149112 0.631114 7.227874 0.734401 -3.131015 2.818338 6.158450 -1.094475 2.795072 0.081422 3.142462 0.941881 5.554111 -4.889074 70.621111 -6.069357 5.248356 -4.399091 71.373178 72.719741 74.908000 75.873553 64.498672 -1.463227
4.575052 -5.854726 -8.249184 60.797259 63.125032 65.153818 55.297271 -2.164828 1.152931 1.481010 3.661674 -5.527554 1.046364 -0.122146 -6.401634 -0.262487 -1.024846 -4.324616 0.680755 -1.071633 -0.422794 11.199422 7.099892 -3.066085 -0.576814 -6.988059 0.631114 87.723893 56.612181 59.197812 3.272478 3.312776 5.113059 3.815842 -3.572329 1.188402 -1.176300 -0.270302 65.004561 70.849688 2.279364 4.900677 -4.962612 -4.899255 3.712704 1.301435 -1.414192 -0.245986 0.277950 67.214039
3.232395 3.974541 0.347631 59.163062 60.438277 71.071194 58.217612 -1.860383 2.036452 8.696844 2.169367 -2.854528 -3.563847 0.992913 1.902954 -7.307022 3.299040 8.243864 -3.611331 2.241290 3.525167 4.849868 8.461833 -2.924244 1.462037 3.407523 7.227874 56.612181 87.721061 68.123206 -1.675043 4.283626 -3.903420 -2.955713 0.628458 -5.645401 -10.064250 0.180306 61.844494 62.434827 -4.299415 -6.448460 -6.175502 -0.203101 -4.743794 -3.828520 -2.068007 3.957018 -1.199965 58.671768
1.580406 0.917419 0.114057 67.964293 68.312433 75.721281 69.004773 0.599762 0.845807 2.128490 1.922417 -1.605704 4.344030 -4.928267 0.342591 -6.508162 0.991047 -0.072467 0.263450 -0.771222 0.887471 -1.774859 -2.388790 3.612911 0.107447 -4.155618 0.734401 59.197812 68.123206 91.117415 -2.592290 -0.193779 -3.047549 -1.695338 -2.996901 0.956380 1.511798 -2.643781 68.507048 66.350020 -1.299080 -6.468924 -4.321564 -2.977621 0.563623 2.093885 -4.414875 10.635343 -0.378156 63.821605
-0.134308 6.311850 -4.052330 0.576517 -3.266685 4.392759 -0.927075 47.989022 41.409921 45.986777 37.919592 47.370381 3.259391 1.021066 -2.296501 1.426744 3.080505 1.693420 57.451497 2.388432 -3.511105 0.757759 -3.231888 -1.896815 0.164584 -4.644022 -3.131015 3.272478 -1.675043 -2.592290 64.720411 49.913297 47.205711 -4.371379 -0.986928 1.224736 2.569778 51.316172 -3.862518 0.970161 3.024134 -1.001911 -1.373417 1.846847 -5.901980 -2.451493 -1.729359 1.065577 -2.050882 5.158323
3.726168 5.152663 4.316804 -1.953475 0.956240 1.663150 7.488460 39.982578 47.200428 47.465574 35.990386 43.516257 2.301968 1.412739 -1.905300 -2.951429 4.233619 4.448911 49.645512 7.989836 2.160161 2.582774 -5.879475 -3.457003 -3.925497 5.589906 2.818338 3.312776 4.283626 -0.193779 49.913297 62.320243 47.108091 -0.153004 -0.118222 2.179111 -0.830073 54.111392 -0.997209 2.770360 -4.684271 -0.880889 -4.764089 0.214719 -1.839628 -1.379729 1.577304 2.689179 6.919147 7.265966
2.569800 7.189575 6.811661 8.049930 0.557032 8.682334 -0.940917 47.558013 49.595008 47.639599 47.979934 44.914638 4.605797 4.274788 1.399796 2.376491 -4.229769 0.885842 51.201038 3.807599 4.428926 5.437994 -1.589988 6.526957 0.647168 -3.002520 6.158450 5.113059 -3.903420 -3.047549 47.205711 47.108091 69.242148 0.963398 -1.947898 -0.146070 0.231238 51.682317 2.718899 -4.416877 4.108361 2.429088 0.877119 0.987474 -3.165798 -1.424428 0.182501 1.838144 -4.511097 -0.312552
-7.014124 -7.912363 0.952160 -3.579284 0.934348 -0.959266 -0.909581 0.436275 6.144394 -4.965651 -1.685704 1.179463 38.135943 36.139131 38.869524 42.647311 40.217062 52.075253 -0.044294 -0.906183 8.191848 4.877614 2.109817 5.837003 1.810350 -0.140151 -1.094475 3.815842 -2.955713 -1.695338 -4.371379 -0.153004 0.963398 67.319963 44.331271 43.640078 47.372706 4.111615 7.189950 -3.128567 -1.474426 -0.263257 -2.085839 1.702069 1.139192 0.960868 -1.035925 5.039406 1.096657 -6.098914
-3.142896 1.158016 2.832982 0.371677 -0.789096 0.664950 2.259251 -0.133291 0.236661 -0.666473 -1.468486 -2.046261 34.135447 25.866958 35.229322 37.581283 28.158203 43.497838 0.497706 1.314336 -4.417263 -6.891188 3.677477 6.252682 -1.705158 -1.833121 2.795072 -3.572329 0.628458 -2.996901 -0.986928 -0.118222 -1.947898 44.331271 45.236406 30.768442 37.275446 4.442422 0.083981 3.793550 0.986681 3.999320 -2.465472 4.019694 -2.965097 -0.277852 -1.995181 0.863337 3.173615 1.480331
0.004255 -2.268809 1.334482 -3.424983 1.265816 -5.512411 1.298910 3.667492 -0.154056 2.416536 -3.181478 -2.224421 37.590209 27.735339 32.154113 33.788018 33.815287 38.215560 -6.814704 2.393343 3.005815 1.154833 -5.255645 -0.837125 4.084031 -5.335197 0.081422 1.188402 -5.645401 0.956380 1.224736 2.179111 -0.146070 43.640078 30.768442 44.572486 34.074601 4.344900 0.263168 4.445253 5.012457 0.915976 1.371882 2.937202 4.180540 0.087464 4.553257 2.665005 0.407810 0.921995
7.834296 5.945116 -1.652444 5.439035 -6.318339 -2.555307 -0.442892 -2.028542 -2.868449 0.343232 -0.071782 3.425755 40.214591 35.946369 37.932304 41.977455 38.339858 44.210255 7.694956 -0.223716 -0.892801 1.210331 2.079834 5.130316 1.144987 1.734413 3.142462 -1.176300 -10.064250 1.511798 2.569778 -0.830073 0.231238 47.372706 37.275446 34.074601 62.807362 1.159482 0.427456 -5.064692 2.054321 4.170906 4.907934 1.215718 11.486470 6.315788 -0.344848 5.372254 5.055476 -1.574602
-2.534848 -7.668001 -4.144596 0.900585 -4.793169 -2.195225 2.809617 58.392025 51.808880 56.926404 50.822424 46.580865 5.528025 4.601706 1.676124 2.100068 0.397485 1.343164 57.902356 2.279894 0.640686 -0.421112 2.686297 -1.667936 -2.385716 1.243488 0.941881 -0.270302 0.180306 -2.643781 51.316172 54.111392 51.682317 4.111615 4.442422 4.344900 1.159482 83.140211 -1.420449 5.442322 -4.358331 -7.073638 3.530307 -5.523098 -5.425330 2.680576 0.749660 1.980071 -0.851946 2.309133
-1.505064 -1.367715 0.796575 60.061140 56.058742 64.187611 49.115219 2.772866 1.890127 -0.147869 2.836584 -6.543668 -0.482407 -5.314301 1.306457 -4.433800 4.679372 3.389599 0.842390 2.960803 2.666293 -2.090335 3.671675 -3.047513 -1.400859 -10.102720 5.554111 65.004561 61.844494 68.507048 -3.862518 -0.997209 2.718899 7.189950 0.083981 0.263168 0.427456 -1.420449 81.530802 61.310495 -5.647332 -10.539949 -6.971101 -8.156139 9.817240 0.672529 -1.355423 5.399314 0.855764 56.691664
13.634158 3.142228 0.862079 79.379221 71.647765 62.767488 63.838157 0.432466 -5.218903 7.941304 -7.509400 -3.307087 1.180303 -4.510633 3.170226 2.600376 -1.955819 1.116249 -11.091624 1.061432 -9.537048 0.698482 3.820853 8.796005 3.180821 -5.555713 -4.889074 70.849688 62.434827 66.350020 0.970161 2.770360 -4.416877 -3.128567 3.793550 4.445253 -5.064692 5.442322 61.310495 107.578026 -5.260912 3.161899 0.366336 2.216729 -6.999839 -0.822459 -0.560029 2.795070 -0.583295 69.423360
0.131565 68.622317 65.433173 1.977638 -2.333635 2.099741 -1.913766 -2.653432 -4.458094 3.523591 2.590311 0.478631 4.483686 -1.397184 0.808509 4.177942 -2.459904 -3.625100 1.418107 65.077461 2.642302 7.870095 -0.136615 1.810820 -1.420642 -0.907494 70.621111 2.279364 -4.299415 -1.299080 3.024134 -4.684271 4.108361 -1.474426 0.986681 5.012457 2.054321 -4.358331 -5.647332 -5.260912 91.543700 3.639787 -4.884961 2.745772 70.344020 66.448312 69.715335 71.590023 60.903978 -1.125924
80.935292 -6.469935 6.106055 4.001298 6.170942 -4.710027 1.218229 -9.426180 -4.106543 -0.013851 -0.257858 1.151032 4.171376 -2.010903 0.136351 6.745715 -0.883733 -7.565786 -4.611099 4.146968 83.753100 80.973203 92.318286 84.958822 85.750521 78.660754 -6.069357 4.900677 -6.448460 -6.468924 -1.001911 -0.880889 2.429088 -0.263257 3.999320 0.915976 4.170906 -7.073638 -10.539949 3.161899 3.639787 122.237911 77.066870 76.164568 -3.629530 -15.064859 1.701226 -8.861284 -3.225845 5.242518
87.525674 6.150232 -0.235691 6.252906 5.105380 -3.956671 0.534467 1.972550 -2.800926 -2.287777 1.669737 0.416106 3.519011 5.602610 -0.442423 3.169458 -0.450797 0.793674 0.005402 5.307565 80.784345 72.266129 78.963019 83.363579 78.613770 65.789773 5.248356 -4.962612 -6.175502 -4.321564 -1.373417 -4.764089 0.877119 -2.085839 -2.465472 1.371882 4.907934 3.530307 -6.971101 0.366336 -4.884961 77.066870 107.975928 71.056474 0.899047 2.407469 -1.277475 5.420462 -4.816602 0.599739
70.600901 0.526060 10.381643 4.777534 -5.188591 -2.950919 1.680771 3.563715 -1.194050 5.942084 -1.348236 0.091128 6.474340 -0.523589 4.449225 3.983339 3.529582 -2.684246 0.713485 -8.322361 73.235772 69.503655 70.555301 84.242136 72.917860 75.230864 -4.399091 -4.899255 -0.203101 -2.977621 1.846847 0.214719 0.987474 1.702069 4.019694 2.937202 1.215718 -5.523098 -8.156139 2.216729 2.745772 76.164568 71.056474 90.298095 -2.280844 2.022544 2.435991 2.009389 -5.453756 -0.763889
-3.879678 68.447985 70.183194 -0.266424 -8.677077 -8.541165 -2.219088 -5.377997 0.349481 5.843513 -2.656259 -2.301879 -0.837182 1.523761 2.960429 -0.205526 1.518547 -2.939909 4.563353 58.708193 0.274805 -0.111412 -7.712073 -7.211797 -3.066660 -6.521173 71.373178 3.712704 -4.743794 0.563623 -5.901980 -1.839628 -3.165798 1.139192 -2.965097 4.180540 11.486470 -5.425330 9.817240 -6.999839 70.344020 -3.629530 0.899047 -2.280844 97.201521 65.283286 66.492534 69.973452 65.694856 1.158376
4.697998 66.257283 58.034260 3.013291 1.149222 -2.989320 -2.414312 4.014958 0.899662 0.815832 5.501575 -4.734156 0.468604 -3.140731 1.563324 3.688387 -6.296432 2.888189 7.062651 59.756452 -0.224260 6.421224 1.955591 3.311500 -5.046990 1.643064 72.719741 1.301435 -3.828520 2.093885 -2.451493 -1.379729 -1.424428 0.960868 -0.277852 0.087464 6.315788 2.680576 0.672529 -0.822459 66.448312 -15.064859 2.407469 2.022544 65.283286 84.694160 70.346544 68.325468 60.704873 0.282428
4.501759 66.078775 70.785445 7.868387 -0.184978 -4.510994 3.803208 -1.117244 -5.399236 -6.534353 -6.072879 -5.023233 -0.707026 -2.211962 -1.541340 -1.982780 -4.965617 1.365556 -9.661678 65.261533 13.134087 8.945546 6.774756 0.131189 8.464013 4.093426 74.908000 -1.414192 -2.068007 -4.414875 -1.729359 1.577304 0.182501 -1.035925 -1.995181 4.553257 -0.344848 0.749660 -1.355423 -0.560029 69.715335 1.701226 -1.277475 2.435991 66.492534 70.346544 89.727995 65.846638 63.629879 6.612026
7.680906 77.350487 74.214959 3.707052 2.405369 4.827657 1.252859 -1.924145 0.965529 3.667079 1.201429 6.998663 1.738422 0.910884 -2.190050 -1.183006 0.573865 2.093620 4.506130 65.096680 5.574396 3.449630 -0.301900 4.683080 5.771479 -4.789365 75.873553 -0.245986 3.957018 10.635343 1.065577 2.689179 1.838144 5.039406 0.863337 2.665005 5.372254 1.980071 5.399314 2.795070 71.590023 -8.861284 5.420462 2.009389 69.973452 68.325468 65.846638 90.638130 60.546403 1.516729
7.378547 67.793867 64.789042 -3.947041 -0.729213 -4.255523 2.181522 -2.393971 1.083523 0.864771 -2.984422 -1.633265 -2.464720 -3.951580 -9.193374 -1.336800 -3.103083 0.857935 3.935944 60.829650 0.035900 3.736603 0.926244 1.743314 -4.687980 -2.924290 64.498672 0.277950 -1.199965 -0.378156 -2.050882 6.919147 -4.511097 1.096657 3.173615 0.407810 5.055476 -0.851946 0.855764 -0.583295 60.903978 -3.225845 -4.816602 -5.453756 65.694856 60.704873 63.629879 60.546403 78.367558 2.673850
10.273971 2.859155 3.876031 65.541853 63.608814 63.376906 66.146622 2.562303 -0.121148 5.930652 9.761174 -4.955010 3.935981 -1.835480 -4.156070 -0.240779 -1.464264 2.216526 8.865792 -0.735441 -3.205378 6.260417 -3.504445 -10.116336 4.433977 0.848626 -1.463227 67.214039 58.671768 63.821605 5.158323 7.265966 -0.312552 -6.098914 1.480331 0.921995 -1.574602 2.309133 56.691664 69.423360 -1.125924 5.242518 0.599739 -0.763889 1.158376 0.282428 6.612026 1.516729 2.673850 92.263561
