2.500000000000000000e+01 2.736507475845044279e+00 1.241174776010250946e+00 3.175588430082850966e+00 2.574639002666912369e+00 1.933503527756910589e+00 1.275616365691361498e+00 4.492442434666967799e+00 4.291953731007721373e+00 3.093035836924483917e+00 3.509799490120296461e+00 2.155746233824525682e+00 1.709067789378827085e+00 2.789227774575716357e+00 1.967484156601956302e+00 2.884671665873841828e+00 3.271807435758447458e+00 1.152119241446234454e+00 2.386511971241413121e+00 2.654696796148918736e+00 1.952911000103661809e+00 1.999934380252484489e+00 7.059443588475680098e-01 1.798007909938528659e+00 4.038299511051231860e+00 1.102329975486092239e+00 2.919865546046776839e+00 1.151148545360893394e+00 2.094679577253156566e+00 1.968681448682958024e+00 2.608466416452201564e+00 2.765482667302910702e+00 3.282494088246656894e+00 1.873386693758177346e+00 2.161133045926711738e+00 2.164669113776797715e+00 1.258092960832835505e+00 2.631031412057017960e+00 3.010654796017015578e+00 1.234298118542610734e+00 3.558500750771403265e+00 2.473743653641852447e+00 2.723502313185890866e+00 1.960535671063089458e+00 2.436342193327969419e+00 2.636441184722833508e+00 4.119294395887619586e+00 1.580845021725305610e+00 2.592458404243984660e+00 2.238201910968291575e+00
2.736507475845044279e+00 2.500000000000000000e+01 1.705499007312814230e+00 3.000532584687528370e+00 2.290966035274436763e+00 3.161100459999668377e+00 2.718682730518806157e+00 2.124187948219561139e+00 2.478381945847521806e+00 3.542019532752832767e+00 3.068990174521438519e+00 3.702366848279094569e+00 3.062674148936430640e+00 3.218141849982931735e+00 1.817442900270492601e+00 2.607729905274239091e+00 2.057373813904710858e+00 2.673655191637550832e+00 1.539562381206001973e+00 3.777408770837693552e+00 2.199459700328477929e+00 3.887127028855284827e+00 2.072541956369382987e+00 2.122901237189353196e+00 2.615113103561686803e+00 1.677794716655145013e+00 6.119507611580834450e-01 1.144331766850488652e+00 1.264735559048129510e+00 2.733113756056242849e+00 2.422740523117633771e+00 3.579666688019809584e+00 2.084361970837434797e+00 4.537250492582041161e+00 2.902677976976081542e+00 2.922212988047137916e+00 2.532101440203902598e+00 1.476878659798656290e+00 1.089957716838283242e+00 3.374612067176026464e+00 2.871047669754095644e+00 1.945461353362806012e+00 2.477021272723908929e+00 4.576406311387248849e+00 2.811100867667176040e+00 3.241372765782700949e+00 1.053545273980261987e+00 2.373667146061438693e+00 3.653164877073974193e+00 3.118033318286571820e+00
1.241174776010250946e+00 1.705499007312814230e+00 2.500000000000000000e+01 3.551979237857827432e+00 3.590321068078048850e+00 3.273262626459075175e+00 3.887242312213276652e+00 4.625901451540147313e+00 2.752312371791585388e+00 2.641666445794605078e+00 1.417283576456564775e+00 2.982584514576874568e+00 1.548673991904340186e+00 1.529154572275032820e+00 1.857099300814636367e+00 1.424691508455194544e+00 3.898948093908344070e+00 3.019300104043270316e+00 4.668081749807529768e+00 2.557738297046737497e+00 2.207833214840999148e+00 1.683680243018826683e+00 2.954701965207151115e+00 1.621094727249781098e+00 2.855835325268591074e+00 3.094194057953952637e+00 2.739949797007489529e+00 4.064526908296253183e+00 2.040851540161487954e+00 2.174116950547286375e+00 2.240519580394635835e+00 2.169321608035327476e+00 3.720419856079612231e+00 3.463717592269159873e+00 1.366610013059793793e+00 3.365082733429584749e+00 3.926599015459878217e+00 3.708600719282202363e+00 3.780603521478683504e+00 2.262047884727331315e+00 2.823795886219226503e+00 1.913321181265276838e+00 2.833417441923423929e+00 4.153743380948252906e+00 4.093731181025251686e+00 2.631694449236007038e+00 2.366790637899465644e+00 1.566198807972436935e+00 4.325338629322237338e+00 1.556724315606140774e+00
3.175588430082850966e+00 3.000532584687528370e+00 3.551979237857827432e+00 2.500000000000000000e+01 3.154827811517172620e+00 3.344311516117365324e-01 1.875673589944359954e-01 4.035007864496701124e+00 2.941420051515613476e+00 2.325776923450817879e+00 1.444961604436966418e+00 1.286091843142831870e+00 1.428275507495077701e+00 1.552336302887061814e+00 3.176732882191682705e+00 5.892102810027541882e-01 1.997964215544990818e+00 2.875883599349839947e+00 3.465353671880326392e+00 8.884054601290245490e-01 1.508537914279658443e+00 3.437692581665656277e+00 3.772213451427964159e+00 2.877673299271278573e+00 2.043559579753401856e+00 2.363285095215237774e+00 2.051437491688876236e+00 2.109989874710275881e+00 4.181750819876882908e+00 2.768275567113932745e+00 3.758355954613783467e+00 3.496285548275398281e+00 2.059112173449162864e+00 3.262819800019010064e+00 3.668334240354631071e+00 2.982879329566038962e+00 1.685941488645038344e+00 3.867195497889619915e+00 2.304488657091022130e+00 2.450742291350502811e+00 5.069019927087048405e-01 1.361833513928031758e+00 4.330475764188074450e+00 2.755275024020766850e+00 3.071476551316679959e+00 2.416947342711843305e+00 2.247706528997153619e+00 2.846413086759113309e+00 2.049682779487072004e+00 3.432599909741640420e+00
2.574639002666912369e+00 2.290966035274436763e+00 3.590321068078048850e+00 3.154827811517172620e+00 2.500000000000000000e+01 1.561245723698365673e+00 7.102453691925625368e-01 3.892272884783429809e+00 4.172735385354497950e+00 2.804035741505233936e+00 3.346841811571225733e+00 4.668625611538248066e+00 3.381400620051878469e+00 2.834298422671923223e+00 2.348652233051301330e+00 3.947995245874569292e+00 3.077377633883454422e+00 4.321153130172906032e+00 2.197025187295315707e+00 3.006814845929494773e+00 4.115768721414640119e+00 2.800366637531988445e+00 2.908965529707829845e+00 3.718092254151518894e+00 4.076730582289639138e+00 2.001178081591150626e+00 4.513046627178053605e+00 2.434836838516893920e+00 2.994832726805341405e+00 2.971805273646903167e+00 4.730933902010384884e+00 3.214148156287269131e+00 3.832850155394873948e+00 2.517377307563790190e+00 3.408737860840950429e+00 8.047681347766897364e-01 1.883262548038800777e+00 1.182997097629860939e+00 8.704005552588209849e-01 2.217662595015553961e+00 2.357370527432696594e+00 1.463923344704182616e+00 3.080035220777739280e+00 1.897633141833789061e+00 3.553175197797244778e+00 2.684085946858848715e+00 3.842576069082308976e+00 4.312690001445442789e+00 1.031375992310401557e+00 2.265868813648130420e+00
1.933503527756910589e+00 3.161100459999668377e+00 3.273262626459075175e+00 3.344311516117365324e-01 1.561245723698365673e+00 2.500000000000000000e+01 1.772225156381658673e+00 2.393732867984241341e+00 2.997255406654020682e+00 4.176232422044630965e+00 3.490712096736721559e+00 2.003462600178020470e+00 3.156456524893122673e+00 3.176453446682462101e+00 4.314933313884345090e+00 6.203282718496955228e-01 8.600222026915547158e-01 3.407624626063030071e+00 3.385829251129266027e+00 1.672904201552620984e+00 3.595363528754328186e+00 2.555131225554259089e+00 1.861919153919313619e+00 2.176695036862335009e+00 2.297890415986545865e+00 1.943998079957069081e+00 2.304675701676900612e+00 2.682998486522996551e+00 2.977189540965285985e+00 3.355800557855335597e+00 2.600302029716520469e+00 1.455501158162630482e+00 3.724242828319716203e+00 3.551767463095762078e+00 4.441840189720097420e+00 9.972995362954750753e-01 2.941582472300288131e+00 2.580129151845475644e+00 2.968240616784671992e+00 2.551971767103884403e+00 3.304452037598631264e+00 1.124068405580474828e+00 2.445809325383523802e+00 1.855585482671104680e+00 4.884353282225487369e+00 3.251317101775433649e+00 1.911626648378713211e+00 1.017931210301201927e+00 1.965173983714599393e+00 1.806633088913902840e+00
1.275616365691361498e+00 2.718682730518806157e+00 3.887242312213276652e+00 1.875673589944359954e-01 7.102453691925625368e-01 1.772225156381658673e+00 2.500000000000000000e+01 1.354533898884804355e+00 2.460184551394977159e+00 2.121059987034985994e+00 4.748505077375036798e+00 2.411546114425272780e+00 3.360337166359938621e+00 3.489153813393116366e+00 2.376886832732620025e+00 2.615881527312566401e+00 3.456028413582875825e+00 2.891815595453931742e+00 2.031511880840963347e+00 2.234109923548095455e+00 1.638126432412970290e+00 2.903096590970975832e+00 2.802194098466051386e+00 9.371413091729663414e-01 1.135346752821969840e+00 8.222859605594743382e-01 1.431115195622491676e+00 2.875789263417001695e+00 3.348348762131655221e+00 3.646333928471673147e+00 3.242931293009545080e+00 1.610320410054530527e+00 3.392878575359258519e+00 1.311888545866672029e+00 3.988462887129395007e+00 5.602260986819704858e-01 1.486306047143925557e+00 2.378884864126677989e+00 2.140878191932423569e+00 3.244980059530536920e+00 2.647159599764107529e+00 1.190268042754892841e+00 3.429700452101467789e+00 3.084092089716121698e+00 2.317471787616347534e+00 2.563240056651661103e+00 3.904065255002381107e+00 3.346759577177141232e+00 8.810722788574816278e-01 1.592615085125055785e+00
4.492442434666967799e+00 2.124187948219561139e+00 4.625901451540147313e+00 4.035007864496701124e+00 3.892272884783429809e+00 2.393732867984241341e+00 1.354533898884804355e+00 2.500000000000000000e+01 1.277734805920215377e+00 2.975009843682788091e+00 3.337482502716580868e+00 2.848671557463012594e+00 2.609901230643170145e+00 3.604869878304385544e+00 3.301289598238087208e+00 2.766687777319003061e+00 9.347626287573809201e-01 1.901174915800235565e+00 3.644518221203460140e+00 2.363241677909332594e+00 2.960932384180924970e+00 3.189349788753430559e+00 4.233871592939799200e+00 3.618772193937875414e+00 3.258988862330546965e+00 3.143112801025012004e+00 3.493917746655846202e+00 3.057631322392367679e+00 1.224396363802643162e+00 4.172305833999160996e+00 3.479562265766150020e+00 1.774469794223029195e+00 2.727292338079091216e+00 1.236152413472641154e+00 2.338766693724552592e+00 2.221859424296050545e+00 2.661466352448399242e+00 2.147098259550071830e+00 2.512668608807266946e+00 1.964399898390473576e+00 2.326007793471521978e+00 2.505324717365719600e+00 1.568104928354906669e+00 2.222108249533462310e+00 3.931736670226683827e+00 1.840745418827133273e-01 3.079985815883143019e+00 1.142485555291519184e+00 2.991737021478697578e+00 1.283780466291507549e+00
4.291953731007721373e+00 2.478381945847521806e+00 2.752312371791585388e+00 2.941420051515613476e+00 4.172735385354497950e+00 2.997255406654020682e+00 2.460184551394977159e+00 1.277734805920215377e+00 2.500000000000000000e+01 2.881382168510956188e+00 4.161025729726545386e+00 1.674899651767094877e+00 3.265988824391820255e+00 2.290886745520881895e+00 2.627021442152984498e+00 2.544065195490301079e+00 1.285670129110160875e+00 2.451771864778631294e+00 2.052674877850400925e+00 1.268946306255972711e+00 3.990062023015181314e+00 2.972990766314011157e+00 3.342445087340011334e+00 3.090876048164332701e+00 2.491940820288030878e+00 3.157304377047995825e+00 2.418320250138892291e+00 2.597583877654841444e+00 2.220416905592644596e+00 2.248868384515721353e+00 1.899556051207975660e+00 1.216699111668121169e+00 1.370315064635943436e+00 3.341086859712114610e+00 2.832036413668076236e+00 8.019931949595013876e-01 2.385412285395633880e+00 3.885320912506215585e+00 3.022885149767271962e+00 2.741704851810839116e+00 3.762319094810614661e+00 2.007180033402984343e+00 3.719578785771543661e+00 2.308407745795314270e+00 1.789456077396152089e+00 2.721572500343941492e+00 3.773985685060881057e+00 1.808233660548393296e+00 9.948573861632000748e-01 3.539348870295288663e+00
3.093035836924483917e+00 3.542019532752832767e+00 2.641666445794605078e+00 2.325776923450817879e+00 2.804035741505233936e+00 4.176232422044630965e+00 2.121059987034985994e+00 2.975009843682788091e+00 2.881382168510956188e+00 2.500000000000000000e+01 2.738891302413016149e+00 2.706869862566629870e-01 6.622306448010754076e-01 2.707079144203946353e+00 2.178418696964133705e+00 2.919421995369390732e+00 3.205253852549153848e+00 3.668758999690298506e+00 3.756648965754213254e+00 4.879595146494604130e+00 1.731838911868181841e+00 2.960490459721440537e+00 2.409011736843309492e+00 8.591956047751063696e-01 3.103111744028540286e+00 2.479035720248595975e+00 1.979433004994855416e+00 2.384306608596321375e+00 2.324857685376043648e+00 2.833760303997499896e+00 2.316296147360487723e+00 1.780204903876979827e+00 3.790364788905033144e+00 2.042616601922786490e+00 4.759374096061957715e+00 2.941326612379723926e+00 2.662657624141877122e+00 3.240200567945223931e+00 4.117029449730764235e+00 1.427860121580294184e+00 2.515378401745589798e+00 2.377508034491471189e+00 1.990000189353670068e+00 1.253204551690374480e+00 3.343420005959076846e+00 4.236205866816753485e+00 2.058537132346396792e+00 1.630713956689215705e+00 1.149263817069717586e+00 3.895747478662833885e+00
3.509799490120296461e+00 3.068990174521438519e+00 1.417283576456564775e+00 1.444961604436966418e+00 3.346841811571225733e+00 3.490712096736721559e+00 4.748505077375036798e+00 3.337482502716580868e+00 4.161025729726545386e+00 2.738891302413016149e+00 2.500000000000000000e+01 7.201599470416990556e-01 2.636292413022874204e+00 2.012064699533644863e+00 4.270506053969717719e+00 2.641570044789805394e+00 1.884825315128280998e+00 2.476646245139132230e+00 2.291634412562266299e+00 2.579556435705120165e+00 2.358237988240712291e+00 2.375830106023812061e+00 1.360387180249093220e+00 8.096599630214398324e-01 2.004788396871629796e+00 3.076314093414008077e+00 2.835911898349123383e+00 1.393686097297316184e+00 2.816176002052159788e+00 1.694100091698066413e+00 3.058544910609555245e+00 2.927750339171528715e+00 1.357433263208102314e+00 1.827987966085926175e+00 1.921865903457967928e+00 8.474044780517540065e-01 2.039757753853368438e+00 3.948410127641373890e+00 4.666229361703361000e+00 9.294944976282979443e-01 3.659245688461425061e+00 1.828513144067837937e+00 7.779151295237327624e-01 1.505308785432498464e+00 3.457437896288459989e+00 1.458819185162000043e+00 2.505676993487173210e+00 1.991238982199601049e+00 3.292792717568301608e+00 3.356526198917253456e+00
2.155746233824525682e+00 3.702366848279094569e+00 2.982584514576874568e+00 1.286091843142831870e+00 4.668625611538248066e+00 2.003462600178020470e+00 2.411546114425272780e+00 2.848671557463012594e+00 1.674899651767094877e+00 2.706869862566629870e-01 7.201599470416990556e-01 2.500000000000000000e+01 1.297682333454127424e+00 2.941170595621079187e+00 1.513033424835557028e+00 1.672469622146345092e+00 4.741296319375846835e+00 1.624985454449700439e+00 2.715699696265650331e+00 2.768374373245126918e+00 1.724515594269641294e+00 1.534132064620524982e+00 1.714922951555249098e+00 3.741218969181507426e+00 3.915857892839171406e+00 2.800406582619003437e+00 2.321523362992064521e-01 2.159508678420172689e+00 2.385050467183760237e+00 3.646288973934785460e+00 3.342797775468799415e+00 3.884764823692611557e+00 2.936822778847253623e+00 1.846688775479143896e+00 3.306755926625614350e+00 3.746745823085960048e+00 3.800652595474354190e+00 3.116346860474875857e+00 3.025975492676161949e+00 1.046404632677360391e+00 2.296713946508534665e+00 1.190143282853691975e+00 4.968585201324290934e-01 3.052755533501476215e+00 1.780574143460712744e+00 1.086580378892300969e+00 4.243322162544687082e+00 4.275932614758896300e+00 3.140591315116006754e+00 2.180183493880055945e+00
1.709067789378827085e+00 3.062674148936430640e+00 1.548673991904340186e+00 1.428275507495077701e+00 3.381400620051878469e+00 3.156456524893122673e+00 3.360337166359938621e+00 2.609901230643170145e+00 3.265988824391820255e+00 6.622306448010754076e-01 2.636292413022874204e+00 1.297682333454127424e+00 2.500000000000000000e+01 2.211766342286550113e+00 1.550746573491674773e+00 2.568347656270140167e+00 2.263054824377370267e+00 3.140236623014038386e+00 1.234808775192392627e+00 1.349393639800284372e+00 3.184350204990963107e+00 1.665690210166979268e+00 3.837574272478709858e+00 1.155398973452187006e+00 2.188627400528813549e+00 4.349507209912789607e-01 2.383203920031445211e+00 1.066401381842578600e+00 3.534019602999218801e+00 1.557466230651340489e+00 8.978884350656382018e-01 1.756323396652154978e+00 1.121375878667843162e+00 2.034820214384234216e+00 7.446660163198645099e-01 2.958834903117602000e+00 4.694199083853270338e+00 5.000475342715038352e-01 2.410185073233489739e+00 2.544101279770659474e+00 2.836300120909458933e+00 1.488056428240612572e+00 3.461016501616679619e+00 3.951255989327442375e+00 2.173226028110245789e+00 1.869127770222236418e+00 2.396509214364090035e+00 1.549458723993339726e+00 3.882188304291621428e+00 2.376775938352919226e+00
2.789227774575716357e+00 3.218141849982931735e+00 1.529154572275032820e+00 1.552336302887061814e+00 2.834298422671923223e+00 3.176453446682462101e+00 3.489153813393116366e+00 3.604869878304385544e+00 2.290886745520881895e+00 2.707079144203946353e+00 2.012064699533644863e+00 2.941170595621079187e+00 2.211766342286550113e+00 2.500000000000000000e+01 2.578205832517816987e+00 2.561435301976028089e+00 3.422169879904319423e+00 2.670512791226895999e+00 2.846435175966940179e+00 3.056929432398517665e+00 1.685906743374240957e+00 1.274337878190625606e+00 2.723431119851637217e+00 3.785415527134744718e+00 1.837018449859548763e+00 1.447662649609696039e+00 2.027447948110715714e+00 2.293202781055075246e+00 2.612889932058169329e+00 3.880810633042989899e+00 1.753507610951769546e+00 5.517066191649444562e-01 3.428051725955740814e+00 4.879247944460739284e+00 4.267917063713207781e+00 2.584629963912816741e+00 2.451455691254904590e+00 1.720845345768705403e+00 1.503306841204689714e+00 2.245922776191092485e+00 1.218467279553603788e+00 1.285621611038396672e+00 2.991592658103043867e+00 2.329347520368518776e+00 3.280112919558068718e+00 2.051150099711577468e+00 3.304976910918999700e+00 3.163412296694606773e+00 1.945772907819042441e+00 4.590426327858214250e+00
1.967484156601956302e+00 1.817442900270492601e+00 1.857099300814636367e+00 3.176732882191682705e+00 2.348652233051301330e+00 4.314933313884345090e+00 2.376886832732620025e+00 3.301289598238087208e+00 2.627021442152984498e+00 2.178418696964133705e+00 4.270506053969717719e+00 1.513033424835557028e+00 1.550746573491674773e+00 2.578205832517816987e+00 2.500000000000000000e+01 3.707022017997934960e+00 3.486841910315155779e+00 3.642172456701342931e+00 3.047059057286961359e+00 2.656064049932246984e+00 1.655923866521912924e+00 4.039980375237189669e+00 2.076688628665945391e+00 2.380117763632471739e+00 1.884365619822044202e+00 8.501065297350494099e-01 2.576888538745956136e+00 1.293098094110269436e+00 3.121409808134043118e+00 2.886183893108742904e+00 2.561252612854790112e+00 4.766421559343696046e+00 3.314064518305111839e+00 2.691091624115232506e+00 4.019141412794821733e+00 2.210758336861064599e+00 2.849526749913929180e+00 9.408869485783464270e-01 2.726593257787758517e+00 2.271981532531691883e+00 1.523124230415405789e+00 3.783859399729426087e+00 1.401085901271238665e+00 2.914307458449617361e+00 3.493649304375719744e+00 3.094820659198287416e+00 1.644169734495887214e+00 7.283637060895329363e-01 2.659903614297570940e+00 2.808961097788351124e-01
2.884671665873841828e+00 2.607729905274239091e+00 1.424691508455194544e+00 5.892102810027541882e-01 3.947995245874569292e+00 6.203282718496955228e-01 2.615881527312566401e+00 2.766687777319003061e+00 2.544065195490301079e+00 2.919421995369390732e+00 2.641570044789805394e+00 1.672469622146345092e+00 2.568347656270140167e+00 2.561435301976028089e+00 3.707022017997934960e+00 2.500000000000000000e+01 2.265271108837040082e+00 2.423173341545696857e+00 6.470652842908994895e-01 1.265072499699764208e+00 1.742401197842266436e+00 2.746536281264176260e+00 3.553620906725603490e+00 4.084232576068289045e-01 1.635727369171121381e+00 3.878036842021386210e+00 4.207193197902939552e+00 3.821956962467458752e+00 9.858476905036894777e-01 1.656177379999322907e+00 1.873279103720220773e+00 1.837087685210809118e+00 8.540604283903985294e-01 7.171023039598665161e-01 2.212542263684988519e+00 2.474467840791669371e+00 3.465571151646179349e+00 2.141775406773676504e+00 3.331478839899572719e+00 8.291128261781430808e-01 3.638644771166670733e+00 3.970773286825812320e+00 7.797466386724691834e-01 3.036368973535449101e+00 3.652708343676621894e+00 2.306603573468069879e+00 3.407914327403037902e+00 3.685310932304976639e+00 4.074403515381590069e+00 1.984920015175376751e+00
3.271807435758447458e+00 2.057373813904710858e+00 3.898948093908344070e+00 1.997964215544990818e+00 3.077377633883454422e+00 8.600222026915547158e-01 3.456028413582875825e+00 9.347626287573809201e-01 1.285670129110160875e+00 3.205253852549153848e+00 1.884825315128280998e+00 4.741296319375846835e+00 2.263054824377370267e+00 3.422169879904319423e+00 3.486841910315155779e+00 2.265271108837040082e+00 2.500000000000000000e+01 1.788809290748095915e+00 1.642241074999233108e+00 1.442049345843839259e+00 2.003409654448110366e+00 1.813321705555954066e+00 2.929316986188631233e+00 3.316517337408162014e+00 2.423395808451691558e+00 1.714304206340595993e+00 2.382143135708298498e+00 3.521410922686136757e+00 3.409811220690833977e+00 1.216309103136867353e+00 1.040099235255145693e+00 1.339717992950198111e+00 2.490273912205447360e+00 2.032436349993812286e+00 3.354309999915312979e+00 1.442360895458776326e+00 1.474618556458986873e+00 3.330024105837449788e+00 4.052862908139346132e+00 2.487300189778761883e+00 3.344231356659979504e+00 8.441737584101303149e-01 3.470083871442729784e+00 3.117441123785654522e+00 3.670086584427404652e+00 2.668685027962084177e+00 6.486993201070569981e-01 1.954788056897091231e+00 3.391791987175828638e+00 2.204724919370356861e+00
1.152119241446234454e+00 2.673655191637550832e+00 3.019300104043270316e+00 2.875883599349839947e+00 4.321153130172906032e+00 3.407624626063030071e+00 2.891815595453931742e+00 1.901174915800235565e+00 2.451771864778631294e+00 3.668758999690298506e+00 2.476646245139132230e+00 1.624985454449700439e+00 3.140236623014038386e+00 2.670512791226895999e+00 3.642172456701342931e+00 2.423173341545696857e+00 1.788809290748095915e+00 2.500000000000000000e+01 1.637652327980350764e+00 4.729990446580092822e+00 4.637851610539243552e+00 2.615970985919055636e+00 4.721281663916423454e+00 3.625766734468605090e+00 2.113780163368323972e+00 2.339998180908885672e+00 3.076989631429707384e+00 2.192238309488437231e+00 1.981513127401939744e+00 2.887127935658256650e+00 2.612202710934706573e+00 4.293962648254666448e+00 1.965330287635071782e+00 2.552017947126892228e+00 2.965436399753300201e+00 3.261711698270223891e+00 3.585172145854852221e+00 4.477243633627481678e+00 3.019033979324572403e+00 4.294609149276611859e+00 2.506189186980861461e+00 2.626048349673452798e+00 4.717742369228583144e+00 6.840399525745760601e-01 1.922005976628709423e+00 4.082351858317573523e+00 1.795730228363955128e+00 1.009712864955516043e+00 1.387533039905711751e+00 3.500682999850937893e+00
2.386511971241413121e+00 1.539562381206001973e+00 4.668081749807529768e+00 3.465353671880326392e+00 2.197025187295315707e+00 3.385829251129266027e+00 2.031511880840963347e+00 3.644518221203460140e+00 2.052674877850400925e+00 3.756648965754213254e+00 2.291634412562266299e+00 2.715699696265650331e+00 1.234808775192392627e+00 2.846435175966940179e+00 3.047059057286961359e+00 6.470652842908994895e-01 1.642241074999233108e+00 1.637652327980350764e+00 2.500000000000000000e+01 2.154411776813478507e+00 1.676835840392935761e+00 1.756383600684489288e+00 1.764125386085359626e+00 3.050215775982309196e+00 4.766829305833256036e+00 3.785766633316750340e+00 1.153883181634907995e+00 4.199066728395400183e+00 4.512351156795459062e+00 3.686401075126048532e+00 3.518951394908297559e+00 2.731785028138972393e+00 3.467948643516512774e+00 1.036816903426429626e+00 2.799344085129073179e+00 3.967917035481067778e+00 9.175028191170664371e-01 4.414924994222364951e+00 7.015458991281283696e-01 2.768397884057849812e+00 2.683602793638294681e+00 2.985365758762864807e+00 1.933012758788753116e+00 3.880303325423515304e+00 3.789924466700968608e+00 3.065744219350143407e+00 2.118871185977136307e+00 2.388817306863874723e+00 3.078016260814928629e+00 3.690675507336123040e+00
2.654696796148918736e+00 3.777408770837693552e+00 2.557738297046737497e+00 8.884054601290245490e-01 3.006814845929494773e+00 1.672904201552620984e+00 2.234109923548095455e+00 2.363241677909332594e+00 1.268946306255972711e+00 4.879595146494604130e+00 2.579556435705120165e+00 2.768374373245126918e+00 1.349393639800284372e+00 3.056929432398517665e+00 2.656064049932246984e+00 1.265072499699764208e+00 1.442049345843839259e+00 4.729990446580092822e+00 2.154411776813478507e+00 2.500000000000000000e+01 8.774739803922517734e-01 4.217420813642673849e+00 3.795112289934926553e-01 5.160951638637722994e-01 1.575196374384840059e+00 3.398662280375616795e+00 7.290826554210011468e-01 8.617763435069544231e-01 2.877132483625857162e+00 2.617231695198956043e+00 7.107650122062666442e-01 3.360007781064461518e+00 1.942015930789085409e+00 3.058806302548056077e+00 3.282557193163090137e+00 1.092011851091411856e+00 2.241974038377227529e+00 2.372238620423330779e+00 2.879421573709418425e+00 2.242442804719951610e+00 2.196590434889759358e+00 3.233915714272978192e+00 3.705971599102850345e+00 2.448060206908615921e+00 4.816826561399786821e-01 3.175758577906545810e+00 2.952672389868369329e+00 3.723813678864204668e+00 1.889265833148575657e+00 3.350199506561857277e+00
1.952911000103661809e+00 2.199459700328477929e+00 2.207833214840999148e+00 1.508537914279658443e+00 4.115768721414640119e+00 3.595363528754328186e+00 1.638126432412970290e+00 2.960932384180924970e+00 3.990062023015181314e+00 1.731838911868181841e+00 2.358237988240712291e+00 1.724515594269641294e+00 3.184350204990963107e+00 1.685906743374240957e+00 1.655923866521912924e+00 1.742401197842266436e+00 2.003409654448110366e+00 4.637851610539243552e+00 1.676835840392935761e+00 8.774739803922517734e-01 2.500000000000000000e+01 3.250314944449339105e+00 3.374194006752579078e+00 2.079646915914799443e+00 2.862607721524703219e+00 2.946866189667757041e+00 3.063092361465431956e+00 2.063754965162475141e+00 9.851319353659191425e-01 1.582517950358573344e+00 3.209326808316457225e+00 7.019490668816639189e-01 1.246160934118985431e+00 2.803166580218846349e+00 2.665696873280743784e+00 2.204047452680153896e+00 3.215950511079701535e+00 4.358472769435690175e+00 3.509250967192123483e+00 3.753776493303160766e+00 1.082806438766254153e+00 4.674468652705666472e+00 2.386256800908274300e+00 3.591787177360556971e+00 3.617634982449450476e+00 4.313251757177660295e+00 3.071829079882009594e+00 3.649756516131981154e+00 2.091110410635886652e+00 2.896321137770865750e+00
1.999934380252484489e+00 3.887127028855284827e+00 1.683680243018826683e+00 3.437692581665656277e+00 2.800366637531988445e+00 2.555131225554259089e+00 2.903096590970975832e+00 3.189349788753430559e+00 2.972990766314011157e+00 2.960490459721440537e+00 2.375830106023812061e+00 1.534132064620524982e+00 1.665690210166979268e+00 1.274337878190625606e+00 4.039980375237189669e+00 2.746536281264176260e+00 1.813321705555954066e+00 2.615970985919055636e+00 1.756383600684489288e+00 4.217420813642673849e+00 3.250314944449339105e+00 2.500000000000000000e+01 2.358130396993630029e+00 2.449843333677911072e+00 3.046835815755274623e+00 1.231898464050372954e+00 4.141145905954595641e+00 3.370140067577432674e+00 3.591721620716192831e+00 2.620284992196866281e+00 1.668731252372200657e+00 2.467237008519957975e+00 2.996990185194485790e+00 3.426598149054111531e+00 2.017863990368501170e+00 3.773157768705763360e+00 3.489263657296636012e+00 2.692841948965138954e+00 1.156695369536013596e+00 2.799758296626053244e+00 1.544040505372427541e+00 3.598427327521488195e+00 6.456318575915296343e-01 3.228818827034852568e+00 3.031215711761860554e+00 2.621079508681954273e+00 2.647488362335396861e+00 8.301870595253884044e-01 1.573988123348249779e+00 1.998369403890135620e+00
7.059443588475680098e-01 2.072541956369382987e+00 2.954701965207151115e+00 3.772213451427964159e+00 2.908965529707829845e+00 1.861919153919313619e+00 2.802194098466051386e+00 4.233871592939799200e+00 3.342445087340011334e+00 2.409011736843309492e+00 1.360387180249093220e+00 1.714922951555249098e+00 3.837574272478709858e+00 2.723431119851637217e+00 2.076688628665945391e+00 3.553620906725603490e+00 2.929316986188631233e+00 4.721281663916423454e+00 1.764125386085359626e+00 3.795112289934926553e-01 3.374194006752579078e+00 2.358130396993630029e+00 2.500000000000000000e+01 9.110479793011794225e-01 2.118543585642032046e+00 3.771017192291622688e+00 2.105352328595114120e+00 2.567796819998831470e+00 3.035309426255140330e+00 2.366236927705125392e+00 2.877573311429467040e+00 1.869240275562042308e+00 3.647019634060894688e+00 2.755920900892593117e+00 3.950157127794253320e+00 5.820421740911532194e-01 2.059550229958120759e+00 2.868640442386528377e+00 1.771351568128960219e+00 2.531978269097374667e+00 2.169815537262672400e+00 3.009008267923630520e+00 2.377922592943880531e+00 1.786422211698228457e+00 9.666858680200514087e-01 3.134938921408299883e+00 2.731701202137923001e+00 1.427429882218424817e+00 3.671800516007836190e+00 1.417472949639847934e+00
1.798007909938528659e+00 2.122901237189353196e+00 1.621094727249781098e+00 2.877673299271278573e+00 3.718092254151518894e+00 2.176695036862335009e+00 9.371413091729663414e-01 3.618772193937875414e+00 3.090876048164332701e+00 8.591956047751063696e-01 8.096599630214398324e-01 3.741218969181507426e+00 1.155398973452187006e+00 3.785415527134744718e+00 2.380117763632471739e+00 4.084232576068289045e-01 3.316517337408162014e+00 3.625766734468605090e+00 3.050215775982309196e+00 5.160951638637722994e-01 2.079646915914799443e+00 2.449843333677911072e+00 9.110479793011794225e-01 2.500000000000000000e+01 1.079352134103434224e+00 2.742047212535224876e+00 3.587118564640234375e+00 2.344432594492498190e+00 1.673228865917859798e+00 2.171217841285723260e+00 3.256051772502626562e+00 2.083143371716765557e+00 1.445616482630103894e+00 2.919357489557203422e+00 2.284570058822618766e+00 4.215097624333113302e+00 3.022290564624969811e+00 1.393174648357394574e+00 3.780185869168721347e+00 2.724307006019953903e+00 1.007640136407547349e+00 9.982952813591479124e-01 1.060080779781951588e+00 3.637664857283708031e+00 4.142021760826276378e+00 6.579992984860710825e-01 2.585687820578161933e+00 2.114248992671106553e+00 1.546988604031849457e+00 2.843363267554586127e+00
4.038299511051231860e+00 2.615113103561686803e+00 2.855835325268591074e+00 2.043559579753401856e+00 4.076730582289639138e+00 2.297890415986545865e+00 1.135346752821969840e+00 3.258988862330546965e+00 2.491940820288030878e+00 3.103111744028540286e+00 2.004788396871629796e+00 3.915857892839171406e+00 2.188627400528813549e+00 1.837018449859548763e+00 1.884365619822044202e+00 1.635727369171121381e+00 2.423395808451691558e+00 2.113780163368323972e+00 4.766829305833256036e+00 1.575196374384840059e+00 2.862607721524703219e+00 3.046835815755274623e+00 2.118543585642032046e+00 1.079352134103434224e+00 2.500000000000000000e+01 3.664538532897026357e+00 2.533529417308767240e+00 1.091252329785664443e+00 6.634098958803500423e-01 1.467863271477546139e+00 2.972250683707553520e+00 4.217954584995542433e-01 7.376883522068446997e-01 1.832094583412361422e+00 2.184359020037564214e+00 3.791869776144762838e+00 4.032966017323022179e+00 3.707609698544609422e+00 1.576787739113050035e+00 1.360312782266713150e+00 4.187468774681789796e+00 2.894530694989092545e+00 2.493879091300242656e+00 2.483006806126636157e+00 4.584551610160268353e+00 4.765999902839466174e+00 2.204618645700187951e+00 3.893155153285676739e-01 2.485125905867358043e+00 1.146386799057520500e+00
1.102329975486092239e+00 1.677794716655145013e+00 3.094194057953952637e+00 2.363285095215237774e+00 2.001178081591150626e+00 1.943998079957069081e+00 8.222859605594743382e-01 3.143112801025012004e+00 3.157304377047995825e+00 2.479035720248595975e+00 3.076314093414008077e+00 2.800406582619003437e+00 4.349507209912789607e-01 1.447662649609696039e+00 8.501065297350494099e-01 3.878036842021386210e+00 1.714304206340595993e+00 2.339998180908885672e+00 3.785766633316750340e+00 3.398662280375616795e+00 2.946866189667757041e+00 1.231898464050372954e+00 3.771017192291622688e+00 2.742047212535224876e+00 3.664538532897026357e+00 2.500000000000000000e+01 2.217539027331380197e+00 3.455409236667223993e+00 3.626626286916892816e+00 9.423148672210429622e-01 2.633901973682563735e+00 3.612729300477732775e+00 1.970289404568325242e+00 2.706909783641589406e+00 2.041785001057807136e+00 2.072369468502363699e+00 4.041891795502297491e+00 2.870867264311447897e+00 1.873163403258426563e+00 3.306150150011337718e+00 3.307254692533856399e+00 2.094975330058983065e+00 2.695141946323648785e+00 2.937035760557977326e+00 2.890541328631851314e+00 3.561924540644376247e+00 3.557501076464142375e-01 2.129621999301076318e+00 1.821435590825517536e+00 3.213176496351571210e+00
2.919865546046776839e+00 6.119507611580834450e-01 2.739949797007489529e+00 2.051437491688876236e+00 4.513046627178053605e+00 2.304675701676900612e+00 1.431115195622491676e+00 3.493917746655846202e+00 2.418320250138892291e+00 1.979433004994855416e+00 2.835911898349123383e+00 2.321523362992064521e-01 2.383203920031445211e+00 2.027447948110715714e+00 2.576888538745956136e+00 4.207193197902939552e+00 2.382143135708298498e+00 3.076989631429707384e+00 1.153883181634907995e+00 7.290826554210011468e-01 3.063092361465431956e+00 4.141145905954595641e+00 2.105352328595114120e+00 3.587118564640234375e+00 2.533529417308767240e+00 2.217539027331380197e+00 2.500000000000000000e+01 3.016427785765306790e+00 1.422224823926356629e+00 4.422744462104197360e+00 2.667095113441634524e+00 2.456613521259602528e+00 5.761702822600058838e-01 1.389635063411055471e+00 7.184538360548911040e-01 1.243619670255109222e+00 1.474057723824795829e+00 2.796352806975983540e+00 3.088386174211776414e+00 9.515866653194954283e-02 3.082379492867451276e+00 3.437527082277506807e+00 2.812379909632797936e+00 2.073265620982214785e-01 2.751054881100774896e+00 1.501862441383396307e+00 3.688341183352325192e+00 2.512630170219306791e+00 6.740318834942066184e-01 2.246899522882052747e+00
1.151148545360893394e+00 1.144331766850488652e+00 4.064526908296253183e+00 2.109989874710275881e+00 2.434836838516893920e+00 2.682998486522996551e+00 2.875789263417001695e+00 3.057631322392367679e+00 2.597583877654841444e+00 2.384306608596321375e+00 1.393686097297316184e+00 2.159508678420172689e+00 1.066401381842578600e+00 2.293202781055075246e+00 1.293098094110269436e+00 3.821956962467458752e+00 3.521410922686136757e+00 2.192238309488437231e+00 4.199066728395400183e+00 8.617763435069544231e-01 2.063754965162475141e+00 3.370140067577432674e+00 2.567796819998831470e+00 2.344432594492498190e+00 1.091252329785664443e+00 3.455409236667223993e+00 3.016427785765306790e+00 2.500000000000000000e+01 4.022103532815374471e+00 3.262397612177055706e+00 4.796912581216165705e+00 1.936006834575332514e+00 3.242290937528769845e+00 7.516132414142225882e-01 2.691987632790318052e+00 2.227819049617095981e+00 6.105593818821031249e-01 3.505413577189883778e+00 2.078278188485825240e+00 1.303025419764529236e+00 4.663795646629441016e+00 1.364135226552554370e+00 2.669176743619995129e+00 4.585358874996086520e+00 3.129847680043905012e+00 3.455210868260669699e+00 2.251089746642428224e+00 3.045739180279715796e+00 3.016403916688779052e+00 3.349707183942944866e+00
2.094679577253156566e+00 1.264735559048129510e+00 2.040851540161487954e+00 4.181750819876882908e+00 2.994832726805341405e+00 2.977189540965285985e+00 3.348348762131655221e+00 1.224396363802643162e+00 2.220416905592644596e+00 2.324857685376043648e+00 2.816176002052159788e+00 2.385050467183760237e+00 3.534019602999218801e+00 2.612889932058169329e+00 3.121409808134043118e+00 9.858476905036894777e-01 3.409811220690833977e+00 1.981513127401939744e+00 4.512351156795459062e+00 2.877132483625857162e+00 9.851319353659191425e-01 3.591721620716192831e+00 3.035309426255140330e+00 1.673228865917859798e+00 6.634098958803500423e-01 3.626626286916892816e+00 1.422224823926356629e+00 4.022103532815374471e+00 2.500000000000000000e+01 2.461563382324303717e+00 2.605545660567390343e+00 2.481242302461311500e+00 3.160102468112832241e+00 2.568161359706809588e+00 4.620134927679844239e+00 2.425562817803327498e+00 8.008319189058985543e-01 2.616646642431839531e+00 3.265210468654256015e+00 3.911923061513984834e+00 4.793448026746584212e+00 1.645365454278781892e+00 2.614258914719389093e+00 3.255528707210599837e+00 3.067441724438672246e+00 4.163655215721249192e+00 3.916490773533337411e+00 4.440869110076289594e+00 4.470903361429353851e+00 1.459700222146856463e+00
1.968681448682958024e+00 2.733113756056242849e+00 2.174116950547286375e+00 2.768275567113932745e+00 2.971805273646903167e+00 3.355800557855335597e+00 3.646333928471673147e+00 4.172305833999160996e+00 2.248868384515721353e+00 2.833760303997499896e+00 1.694100091698066413e+00 3.646288973934785460e+00 1.557466230651340489e+00 3.880810633042989899e+00 2.886183893108742904e+00 1.656177379999322907e+00 1.216309103136867353e+00 2.887127935658256650e+00 3.686401075126048532e+00 2.617231695198956043e+00 1.582517950358573344e+00 2.620284992196866281e+00 2.366236927705125392e+00 2.171217841285723260e+00 1.467863271477546139e+00 9.423148672210429622e-01 4.422744462104197360e+00 3.262397612177055706e+00 2.461563382324303717e+00 2.500000000000000000e+01 2.695371110983980856e+00 1.873279225278139837e+00 3.769345508132750489e+00 1.511642645497412119e+00 3.267268062979300502e+00 1.788732489021386263e+00 1.903962979833092595e+00 4.042619665843870891e+00 1.711705455589420222e+00 2.437971719523446268e+00 2.256078695263163514e+00 2.902873723137706641e+00 3.089213649118191185e+00 3.274870821547422928e+00 2.787350866133198046e-01 1.336878596309938327e+00 3.225640424362131942e+00 1.618253618716954723e+00 1.791470679581195657e+00 2.792124371888007772e+00
2.608466416452201564e+00 2.422740523117633771e+00 2.240519580394635835e+00 3.758355954613783467e+00 4.730933902010384884e+00 2.600302029716520469e+00 3.242931293009545080e+00 3.479562265766150020e+00 1.899556051207975660e+00 2.316296147360487723e+00 3.058544910609555245e+00 3.342797775468799415e+00 8.978884350656382018e-01 1.753507610951769546e+00 2.561252612854790112e+00 1.873279103720220773e+00 1.040099235255145693e+00 2.612202710934706573e+00 3.518951394908297559e+00 7.107650122062666442e-01 3.209326808316457225e+00 1.668731252372200657e+00 2.877573311429467040e+00 3.256051772502626562e+00 2.972250683707553520e+00 2.633901973682563735e+00 2.667095113441634524e+00 4.796912581216165705e+00 2.605545660567390343e+00 2.695371110983980856e+00 2.500000000000000000e+01 3.048970538348790171e+00 2.318474778163043926e+00 1.484253298081923189e+00 2.873495671632752213e+00 1.929579431942802126e+00 2.567074168183287153e+00 2.166680873328045376e+00 1.411288546644878128e+00 4.045357106871155572e+00 1.883127028368964284e+00 1.063119046616421315e+00 3.479325303562670335e+00 3.098961884448442117e+00 7.736252923495576805e-01 4.745162655219070658e-01 2.164652334513707643e+00 2.251931707529030824e+00 4.212292444997661534e+00 3.782179273616195658e+00
2.765482667302910702e+00 3.579666688019809584e+00 2.169321608035327476e+00 3.496285548275398281e+00 3.214148156287269131e+00 1.455501158162630482e+00 1.610320410054530527e+00 1.774469794223029195e+00 1.216699111668121169e+00 1.780204903876979827e+00 2.927750339171528715e+00 3.884764823692611557e+00 1.756323396652154978e+00 5.517066191649444562e-01 4.766421559343696046e+00 1.837087685210809118e+00 1.339717992950198111e+00 4.293962648254666448e+00 2.731785028138972393e+00 3.360007781064461518e+00 7.019490668816639189e-01 2.467237008519957975e+00 1.869240275562042308e+00 2.083143371716765557e+00 4.217954584995542433e-01 3.612729300477732775e+00 2.456613521259602528e+00 1.936006834575332514e+00 2.481242302461311500e+00 1.873279225278139837e+00 3.048970538348790171e+00 2.500000000000000000e+01 1.937018740890239954e+00 2.652528898698192528e+00 2.483739735329749010e+00 2.658279820587452935e+00 3.715571609942506459e+00 3.714943140774994212e+00 3.378580260636161459e+00 2.743919177077298599e+00 2.203110013609300033e+00 3.545662620220907169e+00 1.912674226534194943e+00 3.551175528408164084e+00 1.545758779710169950e+00 6.077265707656565041e-01 3.753860207252880166e+00 3.292132007287471129e+00 4.116812369653837678e+00 4.921826623298839465e+00
